Input parameters:
	100.0	:  number of nodes in the graph
	7.0	:  the nest node
	1.0	:  alpha, ant move event
	1.0	:  beta, ant move event
	0.2	:  delta, ant move event
	2.0	:  eta, pheromone evaporation event
	10.0	:  rho, pheromone evaporation event
	0.5	:  pheromone level
	500.0	:  ant colony size
	10000.0	:  final instant

with graph:

1.0	3.0	3.0	2.0	3.0	0.0	4.0	6.0	2.0	9.0	2.0	1.0	2.0	7.0	2.0	2.0	0.0	3.0	2.0	3.0	0.0	9.0	8.0	1.0	0.0	9.0	4.0	5.0	7.0	5.0	7.0	8.0	9.0	4.0	9.0	6.0	1.0	5.0	2.0	6.0	6.0	3.0	0.0	5.0	4.0	6.0	2.0	2.0	2.0	4.0	4.0	5.0	9.0	6.0	3.0	1.0	9.0	1.0	9.0	2.0	9.0	6.0	9.0	4.0	8.0	4.0	3.0	4.0	4.0	4.0	4.0	0.0	4.0	9.0	5.0	1.0	8.0	6.0	0.0	4.0	4.0	3.0	2.0	1.0	8.0	4.0	4.0	0.0	4.0	6.0	1.0	4.0	6.0	4.0	0.0	4.0	6.0	1.0	6.0	4.0	
3.0	4.0	4.0	0.0	2.0	6.0	8.0	6.0	7.0	3.0	8.0	9.0	3.0	3.0	8.0	0.0	8.0	6.0	4.0	4.0	7.0	4.0	9.0	1.0	7.0	6.0	7.0	2.0	5.0	4.0	9.0	5.0	7.0	9.0	4.0	0.0	2.0	7.0	6.0	9.0	9.0	3.0	8.0	5.0	2.0	6.0	9.0	4.0	7.0	1.0	4.0	2.0	3.0	4.0	8.0	0.0	4.0	0.0	1.0	9.0	5.0	8.0	9.0	5.0	0.0	6.0	3.0	9.0	8.0	6.0	2.0	2.0	5.0	6.0	9.0	6.0	4.0	6.0	8.0	5.0	5.0	3.0	8.0	1.0	8.0	3.0	7.0	1.0	4.0	6.0	9.0	6.0	6.0	6.0	6.0	5.0	4.0	2.0	0.0	1.0	
3.0	4.0	5.0	8.0	9.0	7.0	7.0	4.0	9.0	1.0	0.0	3.0	7.0	9.0	2.0	2.0	0.0	4.0	2.0	2.0	6.0	3.0	3.0	0.0	0.0	3.0	7.0	6.0	3.0	8.0	7.0	9.0	0.0	8.0	2.0	8.0	1.0	1.0	4.0	8.0	9.0	6.0	4.0	1.0	0.0	4.0	9.0	8.0	6.0	3.0	2.0	5.0	2.0	6.0	3.0	6.0	9.0	2.0	8.0	9.0	5.0	3.0	0.0	2.0	4.0	4.0	3.0	5.0	1.0	9.0	4.0	8.0	9.0	6.0	9.0	2.0	4.0	3.0	7.0	8.0	1.0	3.0	2.0	7.0	3.0	4.0	1.0	9.0	9.0	9.0	6.0	6.0	8.0	0.0	9.0	0.0	0.0	8.0	5.0	9.0	
2.0	0.0	8.0	2.0	2.0	8.0	2.0	9.0	2.0	5.0	2.0	1.0	5.0	2.0	4.0	6.0	7.0	0.0	8.0	9.0	0.0	3.0	5.0	3.0	5.0	0.0	0.0	9.0	9.0	6.0	9.0	4.0	6.0	8.0	0.0	2.0	8.0	1.0	1.0	0.0	7.0	8.0	4.0	4.0	9.0	8.0	6.0	1.0	7.0	4.0	1.0	4.0	2.0	0.0	9.0	7.0	1.0	0.0	6.0	5.0	0.0	9.0	1.0	4.0	2.0	8.0	3.0	2.0	3.0	5.0	8.0	5.0	7.0	9.0	7.0	3.0	2.0	4.0	8.0	9.0	6.0	6.0	2.0	1.0	8.0	3.0	3.0	2.0	6.0	3.0	2.0	4.0	2.0	8.0	6.0	5.0	0.0	3.0	9.0	4.0	
3.0	2.0	9.0	2.0	2.0	7.0	8.0	5.0	6.0	9.0	3.0	6.0	8.0	6.0	0.0	9.0	5.0	6.0	2.0	5.0	9.0	6.0	0.0	5.0	8.0	4.0	7.0	2.0	7.0	3.0	3.0	6.0	0.0	3.0	6.0	2.0	0.0	0.0	9.0	1.0	2.0	4.0	2.0	0.0	6.0	8.0	2.0	4.0	3.0	7.0	1.0	2.0	4.0	1.0	7.0	2.0	0.0	2.0	1.0	7.0	4.0	0.0	6.0	7.0	5.0	3.0	8.0	2.0	8.0	1.0	3.0	3.0	5.0	8.0	0.0	5.0	1.0	1.0	5.0	9.0	4.0	9.0	5.0	7.0	0.0	3.0	4.0	8.0	8.0	3.0	4.0	0.0	8.0	5.0	3.0	6.0	8.0	8.0	0.0	0.0	
0.0	6.0	7.0	8.0	7.0	2.0	0.0	3.0	4.0	3.0	8.0	1.0	9.0	5.0	4.0	2.0	5.0	2.0	6.0	5.0	8.0	9.0	9.0	1.0	8.0	7.0	2.0	7.0	7.0	9.0	8.0	6.0	2.0	4.0	6.0	5.0	3.0	8.0	2.0	8.0	5.0	5.0	6.0	9.0	8.0	9.0	4.0	9.0	6.0	9.0	1.0	3.0	2.0	2.0	8.0	6.0	1.0	5.0	1.0	6.0	9.0	0.0	4.0	2.0	3.0	6.0	9.0	2.0	2.0	7.0	8.0	0.0	9.0	3.0	4.0	8.0	9.0	8.0	3.0	6.0	7.0	3.0	6.0	5.0	0.0	0.0	7.0	3.0	8.0	6.0	2.0	2.0	2.0	6.0	3.0	7.0	2.0	8.0	9.0	0.0	
4.0	8.0	7.0	2.0	8.0	0.0	5.0	6.0	2.0	8.0	5.0	1.0	2.0	2.0	8.0	4.0	4.0	6.0	4.0	2.0	6.0	6.0	6.0	4.0	9.0	1.0	1.0	6.0	3.0	6.0	1.0	5.0	3.0	3.0	5.0	8.0	0.0	9.0	0.0	4.0	4.0	0.0	4.0	0.0	0.0	5.0	0.0	5.0	2.0	5.0	9.0	4.0	5.0	2.0	2.0	5.0	5.0	1.0	7.0	6.0	1.0	7.0	6.0	2.0	9.0	7.0	3.0	9.0	5.0	3.0	4.0	7.0	3.0	8.0	8.0	3.0	5.0	0.0	4.0	6.0	4.0	8.0	8.0	6.0	4.0	3.0	9.0	3.0	4.0	1.0	1.0	5.0	1.0	1.0	4.0	9.0	7.0	9.0	4.0	9.0	
6.0	6.0	4.0	9.0	5.0	3.0	6.0	2.0	9.0	4.0	2.0	9.0	5.0	8.0	0.0	6.0	1.0	8.0	9.0	4.0	8.0	2.0	7.0	1.0	9.0	0.0	0.0	8.0	8.0	0.0	6.0	8.0	9.0	7.0	8.0	1.0	1.0	0.0	4.0	6.0	0.0	5.0	5.0	8.0	0.0	6.0	1.0	2.0	9.0	8.0	6.0	3.0	8.0	6.0	0.0	4.0	8.0	6.0	0.0	4.0	1.0	4.0	3.0	5.0	3.0	5.0	3.0	3.0	0.0	4.0	7.0	1.0	5.0	1.0	9.0	2.0	5.0	9.0	1.0	0.0	4.0	9.0	1.0	0.0	2.0	6.0	1.0	6.0	3.0	9.0	3.0	0.0	9.0	5.0	8.0	4.0	3.0	7.0	9.0	8.0	
2.0	7.0	9.0	2.0	6.0	4.0	2.0	9.0	6.0	5.0	8.0	5.0	4.0	1.0	6.0	9.0	1.0	8.0	5.0	3.0	4.0	7.0	9.0	6.0	8.0	0.0	2.0	3.0	1.0	3.0	2.0	3.0	6.0	1.0	9.0	4.0	3.0	1.0	1.0	8.0	3.0	5.0	4.0	3.0	9.0	4.0	2.0	2.0	2.0	6.0	4.0	8.0	8.0	5.0	4.0	6.0	6.0	9.0	8.0	5.0	8.0	6.0	0.0	3.0	6.0	5.0	9.0	5.0	4.0	0.0	9.0	3.0	4.0	7.0	3.0	0.0	5.0	3.0	5.0	3.0	0.0	1.0	0.0	2.0	6.0	7.0	7.0	2.0	7.0	6.0	4.0	8.0	8.0	8.0	0.0	4.0	0.0	7.0	4.0	5.0	
9.0	3.0	1.0	5.0	9.0	3.0	8.0	4.0	5.0	7.0	4.0	2.0	0.0	4.0	0.0	0.0	0.0	9.0	2.0	5.0	5.0	9.0	9.0	6.0	1.0	4.0	6.0	6.0	8.0	2.0	2.0	4.0	8.0	7.0	6.0	5.0	8.0	6.0	0.0	0.0	2.0	0.0	1.0	1.0	0.0	7.0	0.0	0.0	4.0	5.0	7.0	4.0	8.0	2.0	2.0	3.0	4.0	2.0	6.0	9.0	1.0	9.0	3.0	8.0	1.0	5.0	0.0	2.0	0.0	6.0	6.0	6.0	9.0	3.0	9.0	3.0	5.0	5.0	9.0	5.0	2.0	0.0	4.0	0.0	2.0	7.0	1.0	5.0	7.0	9.0	5.0	0.0	4.0	5.0	6.0	4.0	4.0	6.0	1.0	4.0	
2.0	8.0	0.0	2.0	3.0	8.0	5.0	2.0	8.0	4.0	2.0	4.0	8.0	8.0	5.0	0.0	0.0	1.0	8.0	5.0	3.0	8.0	8.0	2.0	9.0	9.0	2.0	9.0	0.0	0.0	6.0	0.0	7.0	0.0	7.0	4.0	0.0	4.0	5.0	6.0	1.0	3.0	7.0	1.0	2.0	4.0	5.0	7.0	5.0	4.0	1.0	4.0	3.0	1.0	4.0	6.0	2.0	1.0	4.0	1.0	0.0	8.0	0.0	3.0	1.0	1.0	0.0	2.0	3.0	1.0	6.0	8.0	3.0	0.0	2.0	3.0	9.0	9.0	7.0	6.0	8.0	0.0	6.0	5.0	9.0	6.0	8.0	2.0	3.0	1.0	4.0	3.0	6.0	5.0	9.0	0.0	6.0	5.0	1.0	9.0	
1.0	9.0	3.0	1.0	6.0	1.0	1.0	9.0	5.0	2.0	4.0	2.0	1.0	3.0	2.0	0.0	9.0	9.0	1.0	7.0	8.0	9.0	2.0	8.0	3.0	9.0	5.0	1.0	7.0	1.0	7.0	7.0	1.0	8.0	0.0	3.0	5.0	9.0	7.0	3.0	3.0	0.0	1.0	5.0	3.0	2.0	1.0	5.0	2.0	3.0	6.0	1.0	2.0	8.0	7.0	5.0	6.0	9.0	1.0	0.0	1.0	2.0	4.0	0.0	0.0	4.0	3.0	2.0	9.0	8.0	3.0	6.0	6.0	3.0	1.0	4.0	4.0	3.0	1.0	2.0	7.0	5.0	1.0	6.0	2.0	5.0	4.0	1.0	9.0	3.0	7.0	2.0	7.0	4.0	9.0	1.0	0.0	8.0	4.0	2.0	
2.0	3.0	7.0	5.0	8.0	9.0	2.0	5.0	4.0	0.0	8.0	1.0	1.0	2.0	0.0	0.0	0.0	9.0	2.0	7.0	9.0	9.0	2.0	4.0	4.0	9.0	1.0	6.0	4.0	5.0	2.0	8.0	0.0	1.0	0.0	7.0	2.0	7.0	5.0	6.0	7.0	8.0	2.0	2.0	5.0	1.0	1.0	1.0	8.0	6.0	2.0	4.0	0.0	8.0	0.0	5.0	7.0	3.0	6.0	6.0	1.0	0.0	1.0	2.0	1.0	0.0	2.0	7.0	4.0	2.0	6.0	0.0	2.0	3.0	4.0	5.0	8.0	5.0	2.0	2.0	4.0	4.0	7.0	0.0	4.0	6.0	7.0	1.0	9.0	9.0	9.0	1.0	9.0	3.0	0.0	2.0	6.0	5.0	3.0	9.0	
7.0	3.0	9.0	2.0	6.0	5.0	2.0	8.0	1.0	4.0	8.0	3.0	2.0	8.0	3.0	6.0	7.0	4.0	0.0	8.0	5.0	5.0	0.0	6.0	2.0	0.0	0.0	1.0	0.0	3.0	1.0	2.0	9.0	7.0	5.0	8.0	8.0	2.0	2.0	7.0	6.0	4.0	4.0	5.0	4.0	0.0	5.0	6.0	3.0	1.0	8.0	4.0	6.0	9.0	5.0	4.0	6.0	8.0	0.0	8.0	2.0	8.0	0.0	9.0	0.0	7.0	4.0	3.0	1.0	5.0	0.0	5.0	2.0	1.0	5.0	0.0	4.0	8.0	1.0	4.0	6.0	6.0	0.0	8.0	8.0	2.0	5.0	7.0	3.0	6.0	5.0	5.0	0.0	6.0	2.0	4.0	5.0	0.0	0.0	1.0	
2.0	8.0	2.0	4.0	0.0	4.0	8.0	0.0	6.0	0.0	5.0	2.0	0.0	3.0	8.0	7.0	5.0	9.0	5.0	4.0	9.0	0.0	4.0	8.0	2.0	3.0	4.0	5.0	2.0	9.0	9.0	2.0	8.0	5.0	0.0	0.0	5.0	0.0	0.0	4.0	2.0	3.0	2.0	0.0	8.0	5.0	0.0	5.0	1.0	0.0	6.0	3.0	3.0	0.0	8.0	9.0	5.0	9.0	1.0	7.0	8.0	7.0	1.0	0.0	8.0	2.0	3.0	8.0	0.0	6.0	8.0	2.0	4.0	1.0	9.0	3.0	1.0	1.0	6.0	5.0	8.0	0.0	4.0	9.0	9.0	7.0	0.0	7.0	7.0	6.0	6.0	7.0	8.0	8.0	3.0	2.0	2.0	6.0	3.0	4.0	
2.0	0.0	2.0	6.0	9.0	2.0	4.0	6.0	9.0	0.0	0.0	0.0	0.0	6.0	7.0	7.0	9.0	3.0	6.0	4.0	8.0	6.0	3.0	9.0	4.0	0.0	7.0	9.0	5.0	1.0	5.0	3.0	9.0	1.0	4.0	7.0	7.0	8.0	8.0	3.0	4.0	0.0	4.0	1.0	4.0	7.0	1.0	8.0	7.0	7.0	9.0	5.0	6.0	8.0	5.0	3.0	7.0	2.0	3.0	3.0	4.0	5.0	5.0	9.0	2.0	0.0	0.0	2.0	9.0	0.0	3.0	3.0	3.0	0.0	7.0	2.0	0.0	7.0	2.0	3.0	5.0	0.0	4.0	2.0	4.0	8.0	7.0	2.0	9.0	8.0	7.0	1.0	4.0	4.0	2.0	7.0	7.0	2.0	5.0	9.0	
0.0	8.0	0.0	7.0	5.0	5.0	4.0	1.0	1.0	0.0	0.0	9.0	0.0	7.0	5.0	9.0	1.0	0.0	5.0	5.0	8.0	5.0	1.0	0.0	5.0	6.0	8.0	1.0	7.0	0.0	3.0	2.0	5.0	0.0	1.0	2.0	9.0	3.0	3.0	5.0	3.0	4.0	4.0	7.0	7.0	9.0	4.0	9.0	3.0	8.0	3.0	7.0	8.0	2.0	6.0	7.0	2.0	2.0	6.0	6.0	0.0	0.0	9.0	4.0	3.0	3.0	4.0	3.0	4.0	1.0	7.0	7.0	5.0	8.0	0.0	2.0	9.0	9.0	1.0	4.0	5.0	7.0	7.0	8.0	6.0	7.0	1.0	3.0	2.0	7.0	0.0	4.0	4.0	1.0	2.0	9.0	8.0	4.0	0.0	2.0	
3.0	6.0	4.0	0.0	6.0	2.0	6.0	8.0	8.0	9.0	1.0	9.0	9.0	4.0	9.0	3.0	0.0	7.0	2.0	6.0	2.0	6.0	7.0	7.0	9.0	7.0	3.0	0.0	9.0	1.0	6.0	3.0	4.0	6.0	8.0	8.0	1.0	0.0	0.0	4.0	4.0	0.0	3.0	8.0	9.0	8.0	4.0	8.0	3.0	7.0	7.0	0.0	2.0	2.0	9.0	4.0	2.0	5.0	4.0	7.0	5.0	3.0	9.0	2.0	7.0	4.0	9.0	3.0	6.0	1.0	5.0	3.0	3.0	2.0	7.0	3.0	5.0	0.0	6.0	2.0	9.0	2.0	1.0	2.0	5.0	6.0	5.0	1.0	5.0	6.0	5.0	0.0	8.0	5.0	2.0	5.0	3.0	9.0	3.0	4.0	
2.0	4.0	2.0	8.0	2.0	6.0	4.0	9.0	5.0	2.0	8.0	1.0	2.0	0.0	5.0	6.0	5.0	2.0	1.0	6.0	3.0	5.0	4.0	4.0	1.0	3.0	1.0	9.0	7.0	5.0	8.0	2.0	4.0	0.0	9.0	4.0	5.0	0.0	1.0	0.0	1.0	0.0	7.0	8.0	2.0	0.0	3.0	5.0	1.0	5.0	5.0	6.0	6.0	4.0	3.0	1.0	2.0	3.0	5.0	7.0	9.0	1.0	8.0	0.0	2.0	1.0	0.0	0.0	1.0	9.0	5.0	4.0	6.0	3.0	3.0	3.0	4.0	8.0	0.0	9.0	5.0	3.0	2.0	7.0	4.0	0.0	9.0	4.0	6.0	6.0	5.0	5.0	8.0	2.0	0.0	4.0	2.0	0.0	3.0	8.0	
3.0	4.0	2.0	9.0	5.0	5.0	2.0	4.0	3.0	5.0	5.0	7.0	7.0	8.0	4.0	4.0	5.0	6.0	6.0	6.0	7.0	5.0	2.0	5.0	1.0	5.0	3.0	0.0	8.0	6.0	5.0	2.0	5.0	9.0	0.0	2.0	4.0	9.0	3.0	4.0	2.0	1.0	5.0	9.0	9.0	1.0	4.0	7.0	2.0	6.0	8.0	5.0	4.0	0.0	3.0	8.0	5.0	2.0	7.0	5.0	0.0	6.0	7.0	3.0	4.0	2.0	9.0	9.0	3.0	3.0	0.0	2.0	9.0	3.0	1.0	8.0	5.0	2.0	9.0	5.0	1.0	0.0	0.0	0.0	2.0	1.0	1.0	0.0	1.0	8.0	4.0	1.0	5.0	6.0	4.0	8.0	0.0	7.0	5.0	3.0	
0.0	7.0	6.0	0.0	9.0	8.0	6.0	8.0	4.0	5.0	3.0	8.0	9.0	5.0	9.0	8.0	8.0	2.0	3.0	7.0	0.0	0.0	8.0	0.0	4.0	4.0	7.0	8.0	0.0	0.0	3.0	2.0	0.0	8.0	6.0	8.0	4.0	2.0	4.0	9.0	6.0	0.0	9.0	4.0	9.0	0.0	7.0	2.0	6.0	0.0	2.0	5.0	7.0	4.0	2.0	4.0	6.0	2.0	0.0	4.0	8.0	5.0	6.0	8.0	8.0	2.0	6.0	7.0	7.0	5.0	6.0	0.0	4.0	6.0	1.0	1.0	0.0	9.0	3.0	3.0	9.0	2.0	9.0	0.0	7.0	4.0	1.0	8.0	5.0	6.0	2.0	5.0	5.0	0.0	2.0	5.0	9.0	4.0	8.0	3.0	
9.0	4.0	3.0	3.0	6.0	9.0	6.0	2.0	7.0	9.0	8.0	9.0	9.0	5.0	0.0	6.0	5.0	6.0	5.0	5.0	0.0	0.0	5.0	4.0	1.0	2.0	9.0	1.0	4.0	6.0	3.0	6.0	5.0	9.0	6.0	2.0	3.0	5.0	1.0	2.0	9.0	6.0	4.0	6.0	3.0	1.0	3.0	9.0	8.0	0.0	9.0	9.0	4.0	0.0	3.0	1.0	4.0	2.0	1.0	3.0	0.0	2.0	2.0	1.0	4.0	3.0	6.0	7.0	1.0	2.0	2.0	7.0	6.0	6.0	4.0	0.0	4.0	3.0	0.0	5.0	2.0	4.0	0.0	7.0	3.0	7.0	9.0	6.0	1.0	4.0	0.0	2.0	4.0	3.0	6.0	2.0	1.0	4.0	5.0	3.0	
8.0	9.0	3.0	5.0	0.0	9.0	6.0	7.0	9.0	9.0	8.0	2.0	2.0	0.0	4.0	3.0	1.0	7.0	4.0	2.0	8.0	5.0	8.0	0.0	8.0	2.0	4.0	5.0	1.0	8.0	7.0	5.0	9.0	7.0	1.0	7.0	2.0	0.0	9.0	2.0	7.0	1.0	4.0	0.0	5.0	9.0	7.0	5.0	3.0	9.0	0.0	9.0	7.0	2.0	9.0	9.0	2.0	8.0	1.0	0.0	9.0	6.0	2.0	7.0	7.0	7.0	6.0	9.0	0.0	4.0	2.0	1.0	7.0	2.0	4.0	4.0	4.0	0.0	8.0	3.0	0.0	2.0	5.0	0.0	4.0	8.0	2.0	8.0	4.0	3.0	9.0	7.0	1.0	4.0	2.0	9.0	3.0	8.0	3.0	8.0	
1.0	1.0	0.0	3.0	5.0	1.0	4.0	1.0	6.0	6.0	2.0	8.0	4.0	6.0	8.0	9.0	0.0	7.0	4.0	5.0	0.0	4.0	0.0	3.0	0.0	2.0	8.0	3.0	7.0	2.0	2.0	9.0	1.0	4.0	4.0	1.0	9.0	7.0	8.0	1.0	5.0	6.0	1.0	2.0	1.0	6.0	8.0	6.0	2.0	9.0	2.0	4.0	3.0	9.0	3.0	5.0	8.0	8.0	0.0	9.0	0.0	4.0	9.0	0.0	6.0	7.0	0.0	3.0	8.0	7.0	3.0	5.0	3.0	5.0	9.0	5.0	6.0	4.0	7.0	0.0	4.0	3.0	2.0	2.0	3.0	6.0	2.0	2.0	8.0	7.0	1.0	1.0	4.0	8.0	9.0	1.0	5.0	5.0	2.0	5.0	
0.0	7.0	0.0	5.0	8.0	8.0	9.0	9.0	8.0	1.0	9.0	3.0	4.0	2.0	2.0	4.0	5.0	9.0	1.0	1.0	4.0	1.0	8.0	0.0	6.0	5.0	6.0	0.0	9.0	2.0	4.0	9.0	2.0	4.0	7.0	5.0	4.0	3.0	1.0	7.0	7.0	5.0	9.0	1.0	4.0	9.0	8.0	4.0	5.0	9.0	6.0	9.0	5.0	7.0	0.0	5.0	8.0	5.0	2.0	5.0	1.0	2.0	4.0	8.0	8.0	0.0	6.0	5.0	3.0	6.0	3.0	8.0	3.0	9.0	7.0	5.0	0.0	5.0	9.0	6.0	9.0	0.0	4.0	5.0	9.0	6.0	1.0	7.0	2.0	6.0	4.0	7.0	7.0	7.0	9.0	3.0	3.0	7.0	5.0	4.0	
9.0	6.0	3.0	0.0	4.0	7.0	1.0	0.0	0.0	4.0	9.0	9.0	9.0	0.0	3.0	0.0	6.0	7.0	3.0	5.0	4.0	2.0	2.0	2.0	5.0	4.0	9.0	0.0	0.0	3.0	8.0	6.0	3.0	6.0	9.0	7.0	0.0	2.0	8.0	8.0	1.0	9.0	9.0	6.0	9.0	5.0	9.0	6.0	6.0	4.0	3.0	1.0	2.0	2.0	7.0	8.0	1.0	9.0	9.0	3.0	0.0	8.0	9.0	3.0	2.0	3.0	3.0	3.0	6.0	7.0	7.0	8.0	3.0	0.0	8.0	5.0	4.0	6.0	6.0	8.0	2.0	7.0	1.0	4.0	6.0	5.0	5.0	5.0	9.0	3.0	5.0	9.0	4.0	1.0	3.0	1.0	3.0	5.0	7.0	4.0	
4.0	7.0	7.0	0.0	7.0	2.0	1.0	0.0	2.0	6.0	2.0	5.0	1.0	0.0	4.0	7.0	8.0	3.0	1.0	3.0	7.0	9.0	4.0	8.0	6.0	9.0	2.0	1.0	1.0	5.0	2.0	4.0	4.0	8.0	9.0	6.0	5.0	4.0	9.0	3.0	7.0	3.0	5.0	6.0	4.0	1.0	2.0	9.0	3.0	2.0	7.0	0.0	2.0	7.0	8.0	5.0	6.0	5.0	1.0	0.0	4.0	8.0	8.0	5.0	9.0	5.0	6.0	1.0	8.0	6.0	4.0	7.0	6.0	0.0	2.0	3.0	1.0	2.0	1.0	2.0	4.0	8.0	9.0	9.0	0.0	7.0	1.0	6.0	0.0	0.0	9.0	5.0	8.0	1.0	3.0	6.0	9.0	3.0	6.0	2.0	
5.0	2.0	6.0	9.0	2.0	7.0	6.0	8.0	3.0	6.0	9.0	1.0	6.0	1.0	5.0	9.0	1.0	0.0	9.0	0.0	8.0	1.0	5.0	3.0	0.0	0.0	1.0	6.0	4.0	0.0	2.0	3.0	8.0	1.0	1.0	2.0	3.0	3.0	0.0	4.0	2.0	4.0	3.0	4.0	8.0	8.0	3.0	1.0	5.0	0.0	5.0	6.0	2.0	3.0	1.0	5.0	8.0	9.0	5.0	7.0	0.0	1.0	7.0	0.0	6.0	9.0	1.0	7.0	5.0	2.0	6.0	5.0	9.0	4.0	8.0	0.0	3.0	2.0	8.0	9.0	8.0	1.0	3.0	8.0	1.0	5.0	7.0	9.0	3.0	8.0	7.0	8.0	4.0	6.0	7.0	3.0	2.0	2.0	6.0	1.0	
7.0	5.0	3.0	9.0	7.0	7.0	3.0	8.0	1.0	8.0	0.0	7.0	4.0	0.0	2.0	5.0	7.0	9.0	7.0	8.0	0.0	4.0	1.0	7.0	9.0	0.0	1.0	4.0	2.0	9.0	4.0	5.0	8.0	0.0	8.0	6.0	9.0	1.0	7.0	1.0	3.0	1.0	3.0	9.0	4.0	2.0	7.0	1.0	0.0	1.0	8.0	5.0	6.0	1.0	2.0	8.0	2.0	9.0	7.0	5.0	2.0	3.0	2.0	4.0	9.0	6.0	3.0	4.0	7.0	1.0	1.0	9.0	9.0	7.0	0.0	9.0	2.0	2.0	6.0	5.0	6.0	4.0	7.0	9.0	1.0	5.0	7.0	5.0	9.0	2.0	8.0	4.0	4.0	8.0	1.0	6.0	1.0	3.0	8.0	7.0	
5.0	4.0	8.0	6.0	3.0	9.0	6.0	0.0	3.0	2.0	0.0	1.0	5.0	3.0	9.0	1.0	0.0	1.0	5.0	6.0	0.0	6.0	8.0	2.0	2.0	3.0	5.0	0.0	9.0	4.0	5.0	8.0	6.0	7.0	4.0	8.0	8.0	1.0	2.0	6.0	9.0	5.0	7.0	3.0	7.0	1.0	0.0	2.0	7.0	2.0	0.0	1.0	1.0	7.0	4.0	2.0	0.0	7.0	9.0	4.0	5.0	4.0	7.0	8.0	8.0	3.0	5.0	9.0	0.0	4.0	1.0	6.0	5.0	8.0	1.0	4.0	3.0	0.0	1.0	7.0	3.0	0.0	8.0	3.0	3.0	7.0	7.0	7.0	0.0	9.0	6.0	1.0	5.0	9.0	5.0	0.0	2.0	2.0	7.0	9.0	
7.0	9.0	7.0	9.0	3.0	8.0	1.0	6.0	2.0	2.0	6.0	7.0	2.0	1.0	9.0	5.0	3.0	6.0	8.0	5.0	3.0	3.0	7.0	2.0	4.0	8.0	2.0	2.0	4.0	5.0	7.0	4.0	4.0	7.0	7.0	4.0	8.0	9.0	6.0	5.0	3.0	0.0	9.0	1.0	5.0	9.0	0.0	4.0	4.0	6.0	7.0	7.0	8.0	2.0	2.0	8.0	0.0	0.0	7.0	2.0	8.0	0.0	3.0	6.0	3.0	0.0	7.0	9.0	7.0	2.0	3.0	9.0	9.0	3.0	1.0	8.0	3.0	1.0	4.0	6.0	4.0	7.0	4.0	7.0	8.0	7.0	3.0	7.0	5.0	4.0	7.0	9.0	6.0	3.0	9.0	8.0	6.0	7.0	3.0	0.0	
8.0	5.0	9.0	4.0	6.0	6.0	5.0	8.0	3.0	4.0	0.0	7.0	8.0	2.0	2.0	3.0	2.0	3.0	2.0	2.0	2.0	6.0	5.0	9.0	9.0	6.0	4.0	3.0	5.0	8.0	4.0	6.0	6.0	3.0	8.0	6.0	0.0	1.0	4.0	1.0	5.0	0.0	0.0	4.0	1.0	4.0	3.0	6.0	7.0	2.0	7.0	3.0	5.0	0.0	5.0	5.0	0.0	4.0	8.0	7.0	6.0	0.0	5.0	0.0	4.0	7.0	3.0	9.0	4.0	8.0	0.0	1.0	1.0	4.0	9.0	1.0	6.0	8.0	8.0	8.0	9.0	6.0	2.0	2.0	2.0	7.0	9.0	3.0	7.0	9.0	5.0	3.0	0.0	8.0	9.0	3.0	1.0	9.0	6.0	3.0	
9.0	7.0	0.0	6.0	0.0	2.0	3.0	9.0	6.0	8.0	7.0	1.0	0.0	9.0	8.0	9.0	5.0	4.0	4.0	5.0	0.0	5.0	9.0	1.0	2.0	3.0	4.0	8.0	8.0	6.0	4.0	6.0	8.0	2.0	4.0	7.0	2.0	2.0	0.0	7.0	0.0	4.0	3.0	4.0	4.0	6.0	1.0	0.0	0.0	0.0	5.0	6.0	7.0	3.0	0.0	9.0	5.0	5.0	3.0	7.0	7.0	6.0	1.0	5.0	4.0	2.0	7.0	5.0	1.0	0.0	9.0	5.0	3.0	9.0	0.0	2.0	0.0	2.0	7.0	8.0	3.0	3.0	9.0	3.0	5.0	8.0	2.0	6.0	2.0	6.0	9.0	8.0	0.0	8.0	4.0	2.0	1.0	5.0	6.0	7.0	
4.0	9.0	8.0	8.0	3.0	4.0	3.0	7.0	1.0	7.0	0.0	8.0	1.0	7.0	5.0	1.0	0.0	6.0	0.0	9.0	8.0	9.0	7.0	4.0	4.0	6.0	8.0	1.0	0.0	7.0	7.0	3.0	2.0	4.0	7.0	9.0	7.0	3.0	9.0	2.0	8.0	7.0	8.0	8.0	3.0	6.0	5.0	8.0	7.0	5.0	3.0	5.0	1.0	1.0	8.0	2.0	3.0	5.0	4.0	3.0	1.0	6.0	5.0	1.0	3.0	4.0	6.0	1.0	9.0	5.0	8.0	9.0	9.0	3.0	9.0	3.0	0.0	2.0	4.0	1.0	5.0	7.0	6.0	7.0	3.0	7.0	6.0	8.0	2.0	5.0	9.0	8.0	6.0	5.0	7.0	1.0	2.0	5.0	7.0	5.0	
9.0	4.0	2.0	0.0	6.0	6.0	5.0	8.0	9.0	6.0	7.0	0.0	0.0	5.0	0.0	4.0	1.0	8.0	9.0	0.0	6.0	6.0	1.0	4.0	7.0	9.0	9.0	1.0	8.0	4.0	7.0	8.0	4.0	7.0	8.0	2.0	0.0	0.0	6.0	9.0	3.0	2.0	3.0	6.0	7.0	1.0	6.0	1.0	9.0	7.0	0.0	0.0	3.0	2.0	7.0	3.0	9.0	6.0	7.0	8.0	8.0	1.0	9.0	1.0	5.0	4.0	2.0	2.0	1.0	7.0	2.0	2.0	3.0	0.0	7.0	9.0	1.0	0.0	3.0	0.0	9.0	3.0	9.0	4.0	2.0	4.0	8.0	5.0	4.0	7.0	4.0	4.0	6.0	9.0	9.0	9.0	2.0	0.0	3.0	0.0	
6.0	0.0	8.0	2.0	2.0	5.0	8.0	1.0	4.0	5.0	4.0	3.0	7.0	8.0	0.0	7.0	2.0	8.0	4.0	2.0	8.0	2.0	7.0	1.0	5.0	7.0	6.0	2.0	6.0	8.0	4.0	6.0	7.0	9.0	2.0	5.0	6.0	8.0	5.0	3.0	0.0	1.0	6.0	9.0	6.0	1.0	9.0	0.0	2.0	7.0	7.0	5.0	5.0	3.0	4.0	4.0	9.0	8.0	4.0	0.0	8.0	8.0	7.0	5.0	1.0	5.0	4.0	3.0	1.0	9.0	9.0	9.0	3.0	2.0	1.0	0.0	3.0	7.0	1.0	8.0	5.0	6.0	3.0	6.0	1.0	5.0	2.0	3.0	0.0	3.0	1.0	3.0	5.0	7.0	8.0	5.0	1.0	5.0	9.0	4.0	
1.0	2.0	1.0	8.0	0.0	3.0	0.0	1.0	3.0	8.0	0.0	5.0	2.0	8.0	5.0	7.0	9.0	1.0	5.0	4.0	4.0	3.0	2.0	9.0	4.0	0.0	5.0	3.0	9.0	8.0	8.0	0.0	2.0	7.0	0.0	6.0	9.0	8.0	4.0	1.0	7.0	7.0	3.0	2.0	8.0	5.0	0.0	1.0	2.0	0.0	8.0	9.0	0.0	9.0	5.0	7.0	4.0	2.0	7.0	0.0	1.0	8.0	7.0	1.0	0.0	9.0	2.0	9.0	2.0	6.0	0.0	3.0	1.0	1.0	4.0	6.0	8.0	3.0	2.0	7.0	3.0	2.0	2.0	7.0	1.0	6.0	3.0	2.0	9.0	3.0	4.0	7.0	5.0	2.0	9.0	4.0	5.0	1.0	8.0	2.0	
5.0	7.0	1.0	1.0	0.0	8.0	9.0	0.0	1.0	6.0	4.0	9.0	7.0	2.0	0.0	8.0	3.0	0.0	0.0	9.0	2.0	5.0	0.0	7.0	3.0	2.0	4.0	3.0	1.0	1.0	9.0	1.0	2.0	3.0	0.0	8.0	8.0	4.0	1.0	4.0	1.0	8.0	6.0	2.0	3.0	0.0	1.0	5.0	0.0	7.0	2.0	6.0	0.0	1.0	8.0	8.0	2.0	4.0	5.0	6.0	3.0	2.0	4.0	3.0	3.0	4.0	8.0	3.0	0.0	6.0	2.0	5.0	6.0	7.0	2.0	8.0	5.0	1.0	5.0	8.0	4.0	1.0	2.0	1.0	2.0	2.0	1.0	3.0	1.0	3.0	3.0	0.0	7.0	6.0	6.0	2.0	2.0	4.0	5.0	3.0	
2.0	6.0	4.0	1.0	9.0	2.0	0.0	4.0	1.0	0.0	5.0	7.0	5.0	2.0	0.0	8.0	3.0	0.0	1.0	3.0	4.0	1.0	9.0	8.0	1.0	8.0	9.0	0.0	7.0	2.0	6.0	4.0	0.0	9.0	6.0	5.0	4.0	1.0	3.0	8.0	7.0	9.0	9.0	0.0	8.0	3.0	5.0	1.0	8.0	2.0	1.0	4.0	1.0	2.0	5.0	6.0	4.0	7.0	4.0	3.0	3.0	2.0	6.0	7.0	0.0	6.0	3.0	7.0	5.0	3.0	3.0	0.0	6.0	0.0	2.0	4.0	8.0	7.0	8.0	4.0	6.0	1.0	7.0	3.0	2.0	2.0	4.0	1.0	9.0	7.0	8.0	7.0	2.0	3.0	0.0	3.0	8.0	1.0	6.0	7.0	
6.0	9.0	8.0	0.0	1.0	8.0	4.0	6.0	8.0	0.0	6.0	3.0	6.0	7.0	4.0	3.0	5.0	4.0	0.0	4.0	9.0	2.0	2.0	1.0	7.0	8.0	3.0	4.0	1.0	6.0	5.0	1.0	7.0	2.0	9.0	3.0	1.0	4.0	8.0	4.0	3.0	3.0	3.0	0.0	0.0	8.0	2.0	2.0	7.0	2.0	7.0	2.0	8.0	2.0	3.0	4.0	1.0	9.0	2.0	8.0	1.0	0.0	6.0	9.0	3.0	0.0	2.0	9.0	4.0	9.0	5.0	8.0	7.0	7.0	0.0	2.0	2.0	5.0	3.0	3.0	1.0	8.0	6.0	4.0	4.0	0.0	1.0	9.0	8.0	7.0	5.0	1.0	1.0	7.0	5.0	5.0	9.0	2.0	7.0	1.0	
6.0	9.0	9.0	7.0	2.0	5.0	4.0	0.0	3.0	2.0	1.0	3.0	7.0	6.0	2.0	4.0	3.0	4.0	1.0	2.0	6.0	9.0	7.0	5.0	7.0	1.0	7.0	2.0	3.0	9.0	3.0	5.0	0.0	8.0	3.0	0.0	7.0	1.0	7.0	3.0	8.0	4.0	9.0	3.0	5.0	1.0	3.0	2.0	1.0	6.0	9.0	5.0	0.0	8.0	1.0	3.0	7.0	2.0	9.0	2.0	1.0	1.0	4.0	0.0	4.0	2.0	6.0	4.0	4.0	0.0	8.0	8.0	6.0	2.0	5.0	0.0	4.0	3.0	4.0	8.0	2.0	4.0	2.0	0.0	0.0	8.0	8.0	7.0	8.0	0.0	4.0	2.0	2.0	5.0	5.0	7.0	3.0	2.0	8.0	8.0	
3.0	3.0	6.0	8.0	4.0	5.0	0.0	5.0	5.0	0.0	3.0	0.0	8.0	4.0	3.0	0.0	4.0	0.0	0.0	1.0	0.0	6.0	1.0	6.0	5.0	9.0	3.0	4.0	1.0	5.0	0.0	0.0	4.0	7.0	2.0	1.0	7.0	8.0	9.0	3.0	4.0	7.0	9.0	0.0	9.0	0.0	6.0	8.0	9.0	3.0	7.0	2.0	6.0	7.0	7.0	3.0	1.0	9.0	0.0	8.0	0.0	5.0	1.0	1.0	9.0	0.0	6.0	8.0	3.0	9.0	0.0	2.0	5.0	8.0	0.0	0.0	1.0	9.0	4.0	7.0	8.0	9.0	6.0	0.0	4.0	0.0	7.0	8.0	0.0	3.0	5.0	1.0	2.0	3.0	0.0	1.0	2.0	3.0	0.0	3.0	
0.0	8.0	4.0	4.0	2.0	6.0	4.0	5.0	4.0	1.0	7.0	1.0	2.0	4.0	2.0	4.0	4.0	3.0	7.0	5.0	9.0	4.0	4.0	1.0	9.0	9.0	5.0	3.0	3.0	7.0	9.0	0.0	3.0	8.0	3.0	6.0	3.0	6.0	9.0	3.0	9.0	9.0	5.0	3.0	4.0	3.0	6.0	1.0	6.0	1.0	9.0	4.0	0.0	9.0	5.0	4.0	4.0	4.0	2.0	8.0	4.0	4.0	3.0	0.0	5.0	7.0	9.0	8.0	8.0	0.0	7.0	0.0	6.0	6.0	5.0	9.0	1.0	8.0	4.0	1.0	2.0	7.0	2.0	5.0	4.0	0.0	6.0	6.0	1.0	8.0	7.0	0.0	8.0	9.0	6.0	7.0	5.0	4.0	8.0	1.0	
5.0	5.0	1.0	4.0	0.0	9.0	0.0	8.0	3.0	1.0	1.0	5.0	2.0	5.0	0.0	1.0	7.0	8.0	8.0	9.0	4.0	6.0	0.0	2.0	1.0	6.0	6.0	4.0	9.0	3.0	1.0	4.0	4.0	8.0	6.0	9.0	2.0	2.0	0.0	0.0	3.0	0.0	3.0	4.0	0.0	0.0	3.0	1.0	9.0	1.0	4.0	7.0	9.0	7.0	2.0	1.0	0.0	9.0	5.0	8.0	5.0	1.0	9.0	0.0	1.0	5.0	1.0	0.0	8.0	6.0	9.0	0.0	4.0	5.0	0.0	1.0	5.0	1.0	0.0	7.0	7.0	3.0	1.0	5.0	0.0	6.0	5.0	7.0	1.0	4.0	5.0	2.0	8.0	5.0	5.0	6.0	1.0	5.0	4.0	9.0	
4.0	2.0	0.0	9.0	6.0	8.0	0.0	0.0	9.0	0.0	2.0	3.0	5.0	4.0	8.0	4.0	7.0	9.0	2.0	9.0	9.0	3.0	5.0	1.0	4.0	9.0	4.0	8.0	4.0	7.0	5.0	1.0	4.0	3.0	7.0	6.0	8.0	3.0	8.0	0.0	5.0	9.0	4.0	0.0	3.0	8.0	8.0	4.0	7.0	1.0	4.0	6.0	6.0	7.0	1.0	4.0	1.0	2.0	4.0	6.0	9.0	3.0	9.0	8.0	9.0	3.0	8.0	0.0	9.0	5.0	3.0	6.0	6.0	1.0	2.0	7.0	6.0	2.0	1.0	9.0	2.0	0.0	9.0	3.0	2.0	3.0	3.0	2.0	6.0	4.0	3.0	6.0	0.0	2.0	3.0	2.0	8.0	0.0	4.0	1.0	
6.0	6.0	4.0	8.0	8.0	9.0	5.0	6.0	4.0	7.0	4.0	2.0	1.0	0.0	5.0	7.0	9.0	8.0	0.0	1.0	0.0	1.0	9.0	6.0	9.0	5.0	1.0	8.0	2.0	1.0	9.0	4.0	6.0	6.0	1.0	1.0	5.0	0.0	3.0	8.0	1.0	0.0	3.0	0.0	8.0	5.0	1.0	9.0	7.0	1.0	2.0	4.0	9.0	1.0	5.0	3.0	1.0	9.0	6.0	0.0	8.0	3.0	4.0	8.0	3.0	7.0	3.0	2.0	5.0	0.0	5.0	5.0	6.0	9.0	3.0	7.0	2.0	6.0	1.0	9.0	8.0	9.0	8.0	3.0	2.0	9.0	3.0	8.0	7.0	1.0	2.0	9.0	3.0	5.0	8.0	5.0	4.0	6.0	8.0	6.0	
2.0	9.0	9.0	6.0	2.0	4.0	0.0	1.0	2.0	0.0	5.0	1.0	1.0	5.0	0.0	1.0	4.0	4.0	3.0	4.0	7.0	3.0	7.0	8.0	8.0	9.0	2.0	3.0	7.0	0.0	0.0	3.0	1.0	5.0	6.0	9.0	0.0	1.0	5.0	2.0	3.0	6.0	6.0	3.0	8.0	1.0	4.0	3.0	9.0	8.0	1.0	0.0	2.0	7.0	7.0	3.0	4.0	1.0	6.0	0.0	2.0	9.0	5.0	1.0	4.0	2.0	2.0	5.0	1.0	1.0	2.0	0.0	7.0	6.0	2.0	0.0	9.0	3.0	7.0	6.0	3.0	9.0	3.0	5.0	2.0	3.0	7.0	4.0	7.0	7.0	0.0	6.0	2.0	8.0	7.0	1.0	7.0	4.0	3.0	2.0	
2.0	4.0	8.0	1.0	4.0	9.0	5.0	2.0	2.0	0.0	7.0	5.0	1.0	6.0	5.0	8.0	9.0	8.0	5.0	7.0	2.0	9.0	5.0	6.0	4.0	6.0	9.0	1.0	1.0	2.0	4.0	6.0	0.0	8.0	1.0	0.0	1.0	5.0	1.0	2.0	2.0	8.0	1.0	1.0	4.0	9.0	3.0	8.0	9.0	8.0	7.0	3.0	3.0	7.0	8.0	7.0	8.0	1.0	4.0	4.0	7.0	4.0	6.0	7.0	0.0	2.0	0.0	4.0	6.0	3.0	8.0	2.0	6.0	1.0	3.0	6.0	0.0	9.0	5.0	3.0	0.0	9.0	6.0	6.0	0.0	9.0	6.0	0.0	2.0	4.0	6.0	2.0	9.0	6.0	7.0	9.0	4.0	6.0	6.0	1.0	
2.0	7.0	6.0	7.0	3.0	6.0	2.0	9.0	2.0	4.0	5.0	2.0	8.0	3.0	1.0	7.0	3.0	3.0	1.0	2.0	6.0	8.0	3.0	2.0	5.0	6.0	3.0	5.0	0.0	7.0	4.0	7.0	0.0	7.0	9.0	2.0	2.0	0.0	8.0	7.0	1.0	9.0	6.0	9.0	7.0	7.0	9.0	9.0	5.0	8.0	9.0	4.0	2.0	4.0	3.0	2.0	5.0	1.0	5.0	9.0	2.0	2.0	2.0	2.0	2.0	8.0	0.0	1.0	2.0	2.0	6.0	4.0	9.0	1.0	0.0	9.0	1.0	8.0	7.0	9.0	8.0	2.0	1.0	1.0	9.0	2.0	2.0	1.0	9.0	5.0	2.0	4.0	7.0	4.0	0.0	2.0	5.0	7.0	0.0	1.0	
4.0	1.0	3.0	4.0	7.0	9.0	5.0	8.0	6.0	5.0	4.0	3.0	6.0	1.0	0.0	7.0	8.0	7.0	5.0	6.0	0.0	0.0	9.0	9.0	9.0	4.0	2.0	0.0	1.0	2.0	6.0	2.0	0.0	5.0	7.0	7.0	0.0	7.0	2.0	2.0	6.0	3.0	1.0	1.0	1.0	1.0	8.0	8.0	8.0	0.0	8.0	7.0	2.0	7.0	3.0	7.0	6.0	6.0	8.0	8.0	8.0	7.0	9.0	7.0	2.0	6.0	9.0	2.0	8.0	2.0	5.0	6.0	8.0	0.0	0.0	2.0	1.0	0.0	9.0	2.0	6.0	6.0	3.0	7.0	6.0	1.0	8.0	9.0	2.0	7.0	7.0	9.0	8.0	8.0	3.0	1.0	7.0	5.0	8.0	5.0	
4.0	4.0	2.0	1.0	1.0	1.0	9.0	6.0	4.0	7.0	1.0	6.0	2.0	8.0	6.0	9.0	3.0	7.0	5.0	8.0	2.0	9.0	0.0	2.0	6.0	3.0	7.0	5.0	8.0	0.0	7.0	7.0	5.0	3.0	0.0	7.0	8.0	2.0	1.0	7.0	9.0	7.0	9.0	4.0	4.0	2.0	1.0	7.0	9.0	8.0	6.0	8.0	8.0	9.0	1.0	1.0	4.0	0.0	5.0	8.0	7.0	1.0	1.0	7.0	2.0	0.0	6.0	2.0	0.0	3.0	3.0	6.0	9.0	9.0	2.0	7.0	5.0	4.0	6.0	0.0	6.0	2.0	1.0	7.0	5.0	3.0	7.0	7.0	5.0	7.0	4.0	0.0	5.0	0.0	5.0	8.0	2.0	0.0	2.0	4.0	
5.0	2.0	5.0	4.0	2.0	3.0	4.0	3.0	8.0	4.0	4.0	1.0	4.0	4.0	3.0	5.0	7.0	0.0	6.0	5.0	5.0	9.0	9.0	4.0	9.0	1.0	0.0	6.0	5.0	1.0	7.0	3.0	6.0	5.0	0.0	5.0	9.0	6.0	4.0	2.0	5.0	2.0	4.0	7.0	6.0	4.0	0.0	3.0	4.0	7.0	8.0	6.0	7.0	5.0	4.0	6.0	8.0	2.0	8.0	4.0	6.0	1.0	3.0	6.0	5.0	4.0	5.0	3.0	8.0	9.0	2.0	3.0	1.0	9.0	8.0	3.0	9.0	7.0	5.0	4.0	6.0	4.0	3.0	8.0	3.0	5.0	9.0	7.0	5.0	0.0	0.0	0.0	9.0	8.0	1.0	2.0	5.0	1.0	9.0	8.0	
9.0	3.0	2.0	2.0	4.0	2.0	5.0	8.0	8.0	8.0	3.0	2.0	0.0	6.0	3.0	6.0	8.0	2.0	6.0	4.0	7.0	4.0	7.0	3.0	5.0	2.0	2.0	2.0	6.0	1.0	8.0	5.0	7.0	1.0	3.0	5.0	0.0	0.0	1.0	8.0	0.0	6.0	0.0	9.0	6.0	9.0	2.0	3.0	2.0	2.0	8.0	7.0	4.0	2.0	1.0	6.0	5.0	8.0	6.0	4.0	6.0	3.0	9.0	0.0	8.0	9.0	0.0	9.0	5.0	2.0	3.0	6.0	3.0	0.0	1.0	7.0	7.0	8.0	2.0	8.0	6.0	6.0	6.0	9.0	0.0	1.0	0.0	3.0	6.0	0.0	4.0	2.0	9.0	7.0	4.0	7.0	9.0	7.0	0.0	6.0	
6.0	4.0	6.0	0.0	1.0	2.0	2.0	6.0	5.0	2.0	1.0	8.0	8.0	9.0	0.0	8.0	2.0	2.0	4.0	0.0	4.0	0.0	2.0	9.0	7.0	2.0	7.0	3.0	1.0	7.0	2.0	0.0	3.0	1.0	2.0	3.0	9.0	1.0	2.0	2.0	8.0	7.0	9.0	7.0	7.0	1.0	7.0	7.0	4.0	7.0	9.0	5.0	2.0	5.0	5.0	4.0	0.0	9.0	8.0	1.0	9.0	4.0	5.0	3.0	2.0	1.0	8.0	7.0	9.0	3.0	3.0	1.0	1.0	4.0	7.0	2.0	6.0	5.0	0.0	8.0	0.0	1.0	1.0	7.0	9.0	2.0	4.0	7.0	9.0	3.0	2.0	0.0	5.0	7.0	1.0	1.0	9.0	5.0	0.0	0.0	
3.0	8.0	3.0	9.0	7.0	8.0	2.0	0.0	4.0	2.0	4.0	7.0	0.0	5.0	8.0	5.0	6.0	9.0	3.0	3.0	2.0	3.0	9.0	3.0	0.0	7.0	8.0	1.0	2.0	4.0	2.0	5.0	0.0	8.0	7.0	4.0	5.0	8.0	5.0	3.0	1.0	7.0	5.0	2.0	1.0	5.0	7.0	8.0	3.0	3.0	1.0	4.0	1.0	5.0	6.0	7.0	2.0	9.0	3.0	6.0	0.0	3.0	3.0	4.0	9.0	8.0	9.0	3.0	5.0	4.0	0.0	4.0	7.0	5.0	9.0	0.0	2.0	5.0	4.0	6.0	7.0	6.0	3.0	1.0	4.0	3.0	7.0	5.0	8.0	6.0	8.0	3.0	1.0	1.0	7.0	2.0	6.0	5.0	1.0	6.0	
1.0	0.0	6.0	7.0	2.0	6.0	5.0	4.0	6.0	3.0	6.0	5.0	5.0	4.0	9.0	3.0	7.0	4.0	1.0	8.0	4.0	1.0	9.0	5.0	5.0	8.0	5.0	5.0	8.0	2.0	8.0	5.0	9.0	2.0	3.0	4.0	7.0	8.0	6.0	4.0	3.0	3.0	4.0	1.0	4.0	3.0	3.0	7.0	2.0	7.0	1.0	6.0	6.0	4.0	7.0	7.0	2.0	0.0	9.0	1.0	6.0	6.0	0.0	6.0	6.0	5.0	2.0	8.0	5.0	6.0	1.0	4.0	4.0	2.0	4.0	5.0	2.0	6.0	2.0	4.0	2.0	2.0	2.0	9.0	8.0	2.0	6.0	8.0	3.0	5.0	7.0	6.0	6.0	3.0	7.0	8.0	6.0	5.0	1.0	0.0	
9.0	4.0	9.0	1.0	0.0	1.0	5.0	8.0	6.0	4.0	2.0	6.0	7.0	6.0	5.0	7.0	2.0	2.0	2.0	5.0	6.0	4.0	2.0	8.0	8.0	1.0	6.0	8.0	2.0	0.0	0.0	0.0	5.0	3.0	9.0	9.0	4.0	2.0	4.0	1.0	7.0	1.0	4.0	0.0	1.0	1.0	4.0	8.0	5.0	6.0	4.0	8.0	5.0	0.0	2.0	2.0	5.0	9.0	4.0	4.0	3.0	3.0	3.0	7.0	3.0	7.0	8.0	0.0	0.0	2.0	8.0	3.0	2.0	5.0	3.0	8.0	3.0	8.0	7.0	9.0	1.0	0.0	2.0	9.0	2.0	7.0	5.0	8.0	1.0	8.0	7.0	7.0	0.0	5.0	9.0	7.0	6.0	4.0	6.0	7.0	
1.0	0.0	2.0	0.0	2.0	5.0	1.0	6.0	9.0	2.0	1.0	9.0	3.0	8.0	9.0	2.0	2.0	5.0	3.0	2.0	2.0	2.0	8.0	8.0	5.0	9.0	5.0	9.0	9.0	7.0	0.0	4.0	5.0	5.0	6.0	8.0	2.0	4.0	7.0	9.0	2.0	9.0	4.0	9.0	2.0	9.0	1.0	1.0	1.0	6.0	0.0	2.0	8.0	9.0	9.0	0.0	9.0	4.0	2.0	6.0	3.0	7.0	7.0	3.0	2.0	6.0	6.0	8.0	8.0	9.0	2.0	1.0	5.0	3.0	8.0	3.0	5.0	4.0	3.0	3.0	2.0	7.0	7.0	4.0	5.0	7.0	0.0	4.0	9.0	4.0	5.0	9.0	1.0	4.0	9.0	2.0	0.0	7.0	5.0	6.0	
9.0	1.0	8.0	6.0	1.0	1.0	7.0	0.0	8.0	6.0	4.0	1.0	6.0	0.0	1.0	3.0	6.0	4.0	5.0	7.0	0.0	1.0	1.0	0.0	2.0	9.0	1.0	5.0	7.0	9.0	7.0	8.0	3.0	4.0	7.0	4.0	7.0	5.0	4.0	2.0	9.0	0.0	2.0	5.0	4.0	6.0	6.0	4.0	5.0	8.0	5.0	8.0	6.0	8.0	3.0	9.0	4.0	2.0	4.0	1.0	4.0	8.0	1.0	0.0	4.0	3.0	1.0	6.0	0.0	9.0	7.0	7.0	2.0	2.0	7.0	2.0	8.0	5.0	5.0	8.0	3.0	2.0	1.0	3.0	9.0	0.0	9.0	7.0	5.0	5.0	4.0	7.0	4.0	8.0	1.0	7.0	6.0	7.0	9.0	5.0	
2.0	9.0	9.0	5.0	7.0	6.0	6.0	4.0	5.0	9.0	1.0	0.0	6.0	8.0	7.0	3.0	6.0	7.0	7.0	5.0	4.0	3.0	0.0	9.0	5.0	3.0	0.0	7.0	5.0	4.0	2.0	7.0	7.0	3.0	8.0	0.0	0.0	6.0	3.0	8.0	2.0	8.0	8.0	8.0	6.0	0.0	0.0	4.0	9.0	8.0	8.0	4.0	4.0	1.0	6.0	1.0	4.0	6.0	1.0	7.0	2.0	6.0	4.0	1.0	7.0	3.0	2.0	4.0	6.0	4.0	9.0	7.0	7.0	0.0	9.0	1.0	2.0	5.0	7.0	7.0	6.0	0.0	6.0	1.0	7.0	6.0	7.0	1.0	4.0	9.0	6.0	0.0	8.0	6.0	5.0	5.0	5.0	5.0	7.0	1.0	
9.0	5.0	5.0	0.0	4.0	9.0	1.0	1.0	8.0	1.0	0.0	1.0	1.0	2.0	8.0	4.0	0.0	5.0	9.0	0.0	8.0	0.0	9.0	0.0	1.0	0.0	4.0	0.0	2.0	5.0	8.0	6.0	7.0	1.0	8.0	8.0	1.0	3.0	3.0	1.0	1.0	0.0	4.0	5.0	9.0	8.0	2.0	7.0	2.0	8.0	7.0	6.0	6.0	9.0	0.0	6.0	3.0	3.0	4.0	2.0	3.0	0.0	7.0	7.0	0.0	2.0	1.0	1.0	6.0	8.0	9.0	9.0	8.0	8.0	0.0	7.0	5.0	2.0	9.0	5.0	1.0	0.0	9.0	1.0	0.0	2.0	2.0	2.0	0.0	7.0	7.0	7.0	7.0	1.0	2.0	6.0	0.0	6.0	8.0	5.0	
6.0	8.0	3.0	9.0	0.0	0.0	7.0	4.0	6.0	9.0	8.0	2.0	0.0	8.0	7.0	5.0	0.0	3.0	1.0	6.0	5.0	2.0	6.0	4.0	2.0	8.0	8.0	1.0	3.0	4.0	0.0	0.0	6.0	6.0	1.0	8.0	8.0	2.0	2.0	0.0	1.0	5.0	4.0	1.0	3.0	3.0	9.0	4.0	2.0	7.0	1.0	1.0	3.0	4.0	3.0	6.0	3.0	7.0	8.0	6.0	0.0	8.0	6.0	9.0	5.0	8.0	2.0	5.0	1.0	7.0	3.0	0.0	2.0	3.0	4.0	3.0	3.0	6.0	3.0	1.0	1.0	5.0	7.0	2.0	4.0	3.0	5.0	0.0	3.0	1.0	3.0	3.0	9.0	7.0	3.0	3.0	9.0	7.0	3.0	2.0	
9.0	9.0	0.0	1.0	6.0	4.0	6.0	3.0	0.0	3.0	0.0	4.0	1.0	0.0	1.0	5.0	9.0	9.0	8.0	7.0	6.0	2.0	2.0	9.0	4.0	9.0	8.0	7.0	2.0	7.0	3.0	5.0	1.0	5.0	9.0	7.0	7.0	4.0	6.0	6.0	4.0	1.0	3.0	9.0	9.0	4.0	5.0	6.0	2.0	9.0	1.0	3.0	9.0	5.0	3.0	0.0	3.0	7.0	1.0	4.0	7.0	6.0	6.0	4.0	5.0	6.0	0.0	9.0	9.0	7.0	8.0	9.0	6.0	9.0	9.0	7.0	8.0	0.0	6.0	2.0	1.0	8.0	9.0	9.0	5.0	7.0	2.0	4.0	7.0	3.0	2.0	0.0	6.0	7.0	5.0	9.0	4.0	5.0	5.0	4.0	
4.0	5.0	2.0	4.0	7.0	2.0	2.0	5.0	3.0	8.0	3.0	0.0	2.0	9.0	0.0	9.0	4.0	2.0	0.0	3.0	8.0	1.0	7.0	0.0	8.0	3.0	5.0	0.0	4.0	8.0	6.0	0.0	5.0	1.0	1.0	5.0	1.0	3.0	7.0	9.0	0.0	1.0	0.0	0.0	8.0	8.0	1.0	7.0	2.0	7.0	7.0	6.0	0.0	3.0	4.0	6.0	7.0	3.0	0.0	1.0	7.0	9.0	4.0	2.0	7.0	1.0	0.0	2.0	3.0	0.0	6.0	5.0	5.0	4.0	6.0	4.0	3.0	5.0	2.0	8.0	9.0	2.0	6.0	6.0	5.0	1.0	3.0	4.0	1.0	1.0	4.0	3.0	8.0	7.0	9.0	4.0	9.0	5.0	1.0	5.0	
8.0	0.0	4.0	2.0	5.0	3.0	9.0	3.0	6.0	1.0	1.0	0.0	1.0	0.0	8.0	2.0	3.0	7.0	2.0	4.0	8.0	4.0	7.0	6.0	8.0	2.0	9.0	6.0	9.0	8.0	3.0	4.0	4.0	3.0	5.0	1.0	0.0	3.0	0.0	3.0	4.0	9.0	5.0	1.0	9.0	3.0	4.0	0.0	2.0	2.0	2.0	5.0	8.0	2.0	9.0	6.0	3.0	2.0	4.0	7.0	0.0	5.0	5.0	7.0	0.0	2.0	6.0	1.0	8.0	4.0	9.0	8.0	8.0	5.0	4.0	2.0	8.0	8.0	0.0	8.0	1.0	2.0	8.0	2.0	9.0	2.0	9.0	4.0	7.0	0.0	6.0	3.0	7.0	6.0	9.0	0.0	3.0	3.0	8.0	7.0	
4.0	6.0	4.0	8.0	3.0	6.0	7.0	5.0	5.0	5.0	1.0	4.0	0.0	7.0	2.0	0.0	3.0	4.0	1.0	2.0	2.0	3.0	7.0	7.0	0.0	3.0	5.0	9.0	6.0	3.0	0.0	7.0	2.0	4.0	4.0	5.0	9.0	4.0	6.0	0.0	2.0	0.0	7.0	5.0	3.0	7.0	2.0	2.0	8.0	6.0	0.0	4.0	9.0	1.0	8.0	5.0	7.0	6.0	3.0	3.0	2.0	8.0	6.0	1.0	2.0	5.0	6.0	8.0	3.0	3.0	9.0	2.0	0.0	3.0	1.0	3.0	9.0	9.0	4.0	9.0	8.0	4.0	9.0	8.0	2.0	6.0	7.0	6.0	5.0	7.0	0.0	4.0	9.0	4.0	5.0	4.0	2.0	3.0	3.0	3.0	
3.0	3.0	3.0	3.0	8.0	9.0	3.0	3.0	9.0	0.0	0.0	3.0	2.0	4.0	3.0	0.0	4.0	9.0	0.0	9.0	6.0	6.0	6.0	0.0	6.0	3.0	6.0	1.0	3.0	5.0	7.0	3.0	7.0	6.0	2.0	4.0	2.0	8.0	3.0	2.0	6.0	6.0	9.0	1.0	8.0	3.0	2.0	0.0	0.0	9.0	6.0	5.0	0.0	8.0	9.0	2.0	8.0	6.0	1.0	2.0	1.0	2.0	0.0	0.0	6.0	6.0	8.0	7.0	3.0	1.0	0.0	3.0	7.0	8.0	2.0	9.0	4.0	6.0	4.0	7.0	7.0	6.0	0.0	7.0	1.0	8.0	0.0	8.0	3.0	0.0	4.0	8.0	2.0	5.0	9.0	6.0	7.0	0.0	4.0	2.0	
4.0	9.0	5.0	2.0	2.0	2.0	9.0	3.0	5.0	2.0	2.0	2.0	7.0	3.0	8.0	2.0	3.0	3.0	0.0	9.0	7.0	7.0	9.0	3.0	5.0	3.0	1.0	7.0	4.0	9.0	9.0	9.0	5.0	1.0	2.0	3.0	9.0	3.0	7.0	9.0	4.0	8.0	8.0	0.0	0.0	2.0	5.0	4.0	1.0	2.0	2.0	3.0	9.0	7.0	3.0	8.0	0.0	8.0	6.0	4.0	1.0	5.0	9.0	2.0	1.0	8.0	7.0	9.0	0.0	0.0	6.0	4.0	3.0	7.0	2.0	3.0	6.0	3.0	2.0	5.0	4.0	5.0	5.0	7.0	9.0	5.0	9.0	7.0	7.0	4.0	9.0	9.0	0.0	1.0	3.0	8.0	5.0	5.0	6.0	2.0	
4.0	8.0	1.0	3.0	8.0	2.0	5.0	0.0	4.0	0.0	3.0	9.0	4.0	1.0	0.0	9.0	4.0	6.0	1.0	3.0	7.0	1.0	0.0	8.0	3.0	6.0	8.0	5.0	7.0	0.0	7.0	4.0	1.0	9.0	1.0	1.0	2.0	0.0	5.0	4.0	4.0	3.0	8.0	8.0	9.0	5.0	1.0	6.0	2.0	8.0	0.0	8.0	5.0	9.0	5.0	5.0	0.0	8.0	0.0	6.0	6.0	1.0	9.0	3.0	8.0	3.0	3.0	0.0	5.0	2.0	5.0	0.0	1.0	9.0	2.0	4.0	5.0	2.0	9.0	2.0	2.0	9.0	1.0	7.0	9.0	0.0	5.0	4.0	2.0	0.0	5.0	0.0	1.0	3.0	6.0	3.0	4.0	6.0	4.0	2.0	
4.0	6.0	9.0	5.0	1.0	7.0	3.0	4.0	0.0	6.0	1.0	8.0	2.0	5.0	6.0	0.0	1.0	1.0	9.0	3.0	5.0	2.0	4.0	7.0	6.0	7.0	6.0	2.0	1.0	4.0	2.0	8.0	0.0	5.0	7.0	9.0	6.0	6.0	3.0	9.0	0.0	9.0	0.0	6.0	5.0	0.0	1.0	3.0	2.0	2.0	3.0	9.0	2.0	3.0	4.0	6.0	2.0	9.0	9.0	4.0	8.0	7.0	7.0	0.0	4.0	3.0	1.0	0.0	2.0	3.0	6.0	6.0	2.0	1.0	9.0	0.0	1.0	3.0	0.0	3.0	4.0	2.0	0.0	0.0	3.0	6.0	7.0	4.0	4.0	2.0	4.0	1.0	6.0	4.0	3.0	9.0	1.0	2.0	8.0	5.0	
4.0	2.0	4.0	8.0	3.0	8.0	4.0	7.0	9.0	6.0	6.0	3.0	6.0	0.0	8.0	3.0	7.0	5.0	5.0	0.0	6.0	2.0	2.0	3.0	3.0	7.0	4.0	6.0	1.0	1.0	3.0	0.0	9.0	8.0	2.0	9.0	0.0	2.0	3.0	5.0	8.0	0.0	7.0	9.0	3.0	5.0	2.0	8.0	6.0	5.0	3.0	2.0	3.0	3.0	0.0	1.0	8.0	2.0	7.0	9.0	9.0	3.0	8.0	6.0	9.0	9.0	0.0	6.0	5.0	6.0	3.0	6.0	2.0	8.0	1.0	8.0	7.0	6.0	0.0	7.0	9.0	9.0	4.0	8.0	2.0	7.0	8.0	0.0	7.0	9.0	9.0	5.0	0.0	5.0	1.0	2.0	1.0	9.0	2.0	4.0	
0.0	2.0	8.0	5.0	3.0	0.0	7.0	1.0	3.0	6.0	8.0	6.0	0.0	5.0	2.0	3.0	7.0	3.0	4.0	2.0	0.0	7.0	1.0	5.0	8.0	8.0	7.0	5.0	9.0	6.0	9.0	1.0	5.0	9.0	2.0	9.0	3.0	5.0	0.0	8.0	8.0	2.0	0.0	0.0	6.0	5.0	0.0	2.0	4.0	6.0	6.0	3.0	6.0	1.0	4.0	4.0	3.0	1.0	7.0	7.0	9.0	0.0	9.0	5.0	8.0	2.0	3.0	4.0	0.0	6.0	6.0	3.0	6.0	4.0	9.0	7.0	3.0	0.0	4.0	9.0	8.0	9.0	6.0	4.0	0.0	9.0	7.0	8.0	7.0	3.0	3.0	8.0	1.0	2.0	5.0	6.0	3.0	0.0	1.0	7.0	
4.0	5.0	9.0	7.0	5.0	9.0	3.0	5.0	4.0	9.0	3.0	6.0	2.0	2.0	4.0	3.0	5.0	3.0	6.0	9.0	4.0	6.0	7.0	3.0	3.0	3.0	6.0	9.0	9.0	5.0	9.0	1.0	3.0	9.0	3.0	3.0	1.0	6.0	6.0	7.0	6.0	5.0	6.0	4.0	6.0	6.0	7.0	6.0	9.0	8.0	9.0	1.0	3.0	1.0	7.0	4.0	2.0	5.0	2.0	7.0	8.0	2.0	6.0	5.0	8.0	0.0	7.0	3.0	1.0	2.0	2.0	6.0	6.0	2.0	6.0	2.0	8.0	4.0	8.0	2.0	8.0	3.0	7.0	6.0	7.0	2.0	8.0	8.0	5.0	7.0	0.0	3.0	9.0	5.0	2.0	0.0	4.0	6.0	9.0	2.0	
9.0	6.0	6.0	9.0	8.0	3.0	8.0	1.0	7.0	3.0	0.0	3.0	3.0	1.0	1.0	0.0	8.0	2.0	3.0	3.0	6.0	6.0	2.0	5.0	9.0	0.0	0.0	4.0	7.0	8.0	3.0	4.0	9.0	3.0	0.0	2.0	1.0	7.0	0.0	7.0	2.0	8.0	6.0	5.0	1.0	9.0	6.0	1.0	1.0	0.0	9.0	9.0	0.0	4.0	5.0	2.0	5.0	3.0	2.0	0.0	8.0	3.0	9.0	4.0	5.0	3.0	8.0	7.0	9.0	1.0	8.0	4.0	2.0	0.0	4.0	4.0	3.0	1.0	5.0	7.0	3.0	8.0	6.0	0.0	7.0	0.0	2.0	6.0	7.0	1.0	7.0	7.0	9.0	6.0	6.0	3.0	4.0	3.0	5.0	3.0	
5.0	9.0	9.0	7.0	0.0	4.0	8.0	9.0	3.0	9.0	2.0	1.0	4.0	5.0	9.0	7.0	0.0	7.0	3.0	1.0	1.0	4.0	4.0	9.0	7.0	8.0	2.0	8.0	0.0	1.0	1.0	9.0	0.0	9.0	7.0	1.0	4.0	2.0	2.0	0.0	5.0	0.0	5.0	0.0	2.0	3.0	2.0	3.0	0.0	0.0	2.0	8.0	1.0	7.0	9.0	4.0	3.0	8.0	7.0	9.0	0.0	4.0	9.0	6.0	4.0	1.0	2.0	2.0	2.0	9.0	1.0	9.0	6.0	4.0	1.0	6.0	1.0	1.0	2.0	9.0	1.0	0.0	3.0	0.0	1.0	2.0	3.0	4.0	1.0	9.0	8.0	9.0	3.0	3.0	2.0	3.0	1.0	6.0	4.0	5.0	
1.0	6.0	2.0	3.0	5.0	8.0	3.0	2.0	0.0	3.0	3.0	4.0	5.0	0.0	3.0	2.0	2.0	3.0	3.0	8.0	1.0	0.0	4.0	5.0	5.0	5.0	3.0	0.0	9.0	4.0	8.0	1.0	2.0	3.0	9.0	0.0	6.0	8.0	4.0	2.0	0.0	0.0	9.0	1.0	7.0	7.0	0.0	6.0	9.0	2.0	7.0	3.0	7.0	2.0	0.0	5.0	8.0	3.0	2.0	1.0	7.0	3.0	7.0	4.0	2.0	3.0	9.0	3.0	4.0	0.0	8.0	7.0	2.0	4.0	6.0	3.0	0.0	4.0	1.0	4.0	3.0	8.0	4.0	8.0	4.0	3.0	1.0	6.0	1.0	4.0	9.0	5.0	5.0	4.0	4.0	0.0	6.0	7.0	3.0	0.0	
8.0	4.0	4.0	2.0	1.0	9.0	5.0	5.0	5.0	5.0	9.0	4.0	8.0	4.0	1.0	0.0	9.0	5.0	4.0	5.0	0.0	4.0	4.0	6.0	0.0	4.0	1.0	3.0	2.0	3.0	3.0	6.0	0.0	0.0	1.0	3.0	8.0	5.0	8.0	2.0	4.0	1.0	1.0	5.0	6.0	2.0	9.0	0.0	1.0	1.0	5.0	9.0	7.0	6.0	2.0	2.0	3.0	5.0	8.0	2.0	5.0	3.0	8.0	3.0	8.0	9.0	4.0	6.0	5.0	1.0	7.0	3.0	8.0	3.0	1.0	0.0	8.0	0.0	8.0	7.0	8.0	0.0	1.0	9.0	7.0	1.0	9.0	2.0	4.0	7.0	6.0	6.0	6.0	4.0	9.0	6.0	0.0	7.0	5.0	1.0	
6.0	6.0	3.0	4.0	1.0	8.0	0.0	9.0	3.0	5.0	9.0	3.0	5.0	8.0	1.0	7.0	9.0	0.0	8.0	2.0	9.0	3.0	0.0	4.0	5.0	6.0	2.0	2.0	2.0	0.0	1.0	8.0	2.0	2.0	0.0	7.0	3.0	1.0	7.0	5.0	3.0	9.0	8.0	1.0	2.0	6.0	3.0	9.0	8.0	0.0	4.0	7.0	8.0	5.0	5.0	6.0	8.0	4.0	5.0	5.0	2.0	6.0	0.0	5.0	8.0	9.0	6.0	3.0	2.0	3.0	6.0	0.0	4.0	1.0	1.0	4.0	0.0	0.0	4.0	0.0	2.0	9.0	0.0	1.0	9.0	5.0	6.0	6.0	6.0	7.0	2.0	4.0	7.0	9.0	9.0	3.0	6.0	7.0	7.0	3.0	
0.0	8.0	7.0	8.0	5.0	3.0	4.0	1.0	5.0	9.0	7.0	1.0	2.0	1.0	6.0	2.0	1.0	6.0	0.0	9.0	3.0	0.0	8.0	7.0	9.0	6.0	1.0	8.0	6.0	1.0	4.0	8.0	7.0	4.0	3.0	1.0	2.0	5.0	8.0	3.0	4.0	4.0	4.0	0.0	1.0	1.0	7.0	5.0	7.0	9.0	6.0	5.0	2.0	0.0	4.0	2.0	7.0	3.0	5.0	7.0	9.0	3.0	6.0	2.0	0.0	4.0	4.0	2.0	9.0	0.0	0.0	4.0	8.0	5.0	2.0	1.0	8.0	4.0	2.0	0.0	1.0	9.0	3.0	5.0	2.0	5.0	3.0	6.0	0.0	8.0	0.0	9.0	9.0	0.0	0.0	5.0	5.0	0.0	7.0	8.0	
4.0	5.0	8.0	9.0	9.0	6.0	6.0	0.0	3.0	5.0	6.0	2.0	2.0	4.0	5.0	3.0	4.0	2.0	9.0	5.0	3.0	5.0	3.0	0.0	6.0	8.0	2.0	9.0	5.0	7.0	6.0	8.0	8.0	1.0	0.0	8.0	7.0	8.0	4.0	3.0	8.0	7.0	1.0	7.0	9.0	9.0	6.0	3.0	9.0	2.0	0.0	4.0	8.0	8.0	6.0	4.0	9.0	3.0	8.0	7.0	5.0	1.0	2.0	8.0	8.0	9.0	7.0	5.0	2.0	3.0	7.0	9.0	2.0	7.0	9.0	4.0	7.0	0.0	0.0	3.0	4.0	4.0	1.0	2.0	3.0	7.0	4.0	3.0	3.0	4.0	9.0	4.0	7.0	9.0	9.0	4.0	9.0	1.0	3.0	0.0	
4.0	5.0	1.0	6.0	4.0	7.0	4.0	4.0	0.0	2.0	8.0	7.0	4.0	6.0	8.0	5.0	5.0	9.0	5.0	1.0	9.0	2.0	0.0	4.0	9.0	2.0	4.0	8.0	6.0	3.0	4.0	9.0	3.0	5.0	9.0	5.0	3.0	4.0	6.0	1.0	2.0	8.0	2.0	7.0	2.0	8.0	3.0	0.0	8.0	6.0	6.0	6.0	6.0	0.0	7.0	2.0	1.0	2.0	3.0	6.0	1.0	1.0	1.0	9.0	1.0	8.0	7.0	4.0	2.0	4.0	9.0	8.0	8.0	3.0	1.0	3.0	8.0	2.0	1.0	4.0	6.0	0.0	4.0	5.0	6.0	6.0	3.0	6.0	3.0	2.0	1.0	7.0	8.0	1.0	7.0	2.0	5.0	6.0	3.0	3.0	
3.0	3.0	3.0	6.0	9.0	3.0	8.0	9.0	1.0	0.0	0.0	5.0	4.0	6.0	0.0	0.0	7.0	2.0	3.0	0.0	2.0	4.0	2.0	3.0	0.0	7.0	8.0	1.0	4.0	0.0	7.0	6.0	3.0	7.0	3.0	6.0	2.0	1.0	1.0	8.0	4.0	9.0	7.0	3.0	0.0	9.0	9.0	9.0	2.0	6.0	2.0	4.0	6.0	1.0	6.0	2.0	0.0	7.0	2.0	0.0	0.0	5.0	8.0	2.0	2.0	4.0	6.0	5.0	9.0	2.0	9.0	9.0	3.0	8.0	0.0	8.0	0.0	9.0	9.0	4.0	0.0	1.0	7.0	2.0	8.0	6.0	9.0	7.0	2.0	4.0	2.0	9.0	8.0	2.0	9.0	9.0	9.0	3.0	1.0	0.0	
2.0	8.0	2.0	2.0	5.0	6.0	8.0	1.0	0.0	4.0	6.0	1.0	7.0	0.0	4.0	4.0	7.0	1.0	2.0	0.0	9.0	0.0	5.0	2.0	4.0	1.0	9.0	3.0	7.0	8.0	4.0	2.0	9.0	6.0	9.0	3.0	2.0	2.0	7.0	6.0	2.0	6.0	2.0	1.0	9.0	8.0	3.0	6.0	1.0	3.0	1.0	3.0	6.0	1.0	3.0	2.0	2.0	7.0	1.0	6.0	9.0	7.0	9.0	6.0	8.0	9.0	0.0	5.0	1.0	0.0	4.0	6.0	7.0	6.0	3.0	4.0	1.0	0.0	3.0	1.0	4.0	7.0	6.0	3.0	0.0	9.0	7.0	0.0	5.0	7.0	3.0	3.0	6.0	5.0	0.0	9.0	4.0	6.0	5.0	2.0	
1.0	1.0	7.0	1.0	7.0	5.0	6.0	0.0	2.0	0.0	5.0	6.0	0.0	8.0	9.0	2.0	8.0	2.0	7.0	0.0	0.0	7.0	0.0	2.0	5.0	4.0	9.0	8.0	9.0	3.0	7.0	2.0	3.0	7.0	4.0	6.0	7.0	1.0	3.0	4.0	0.0	0.0	5.0	5.0	3.0	3.0	5.0	6.0	1.0	7.0	7.0	8.0	9.0	7.0	1.0	9.0	9.0	4.0	3.0	1.0	1.0	2.0	9.0	6.0	2.0	8.0	7.0	7.0	7.0	0.0	8.0	4.0	6.0	0.0	0.0	8.0	9.0	1.0	5.0	2.0	5.0	2.0	3.0	4.0	0.0	0.0	8.0	2.0	5.0	9.0	9.0	2.0	7.0	3.0	6.0	9.0	0.0	0.0	2.0	1.0	
8.0	8.0	3.0	8.0	0.0	0.0	4.0	2.0	6.0	2.0	9.0	2.0	4.0	8.0	9.0	4.0	6.0	5.0	4.0	2.0	7.0	3.0	4.0	3.0	9.0	6.0	0.0	1.0	1.0	3.0	8.0	2.0	5.0	3.0	2.0	1.0	1.0	2.0	2.0	4.0	0.0	4.0	4.0	0.0	2.0	2.0	2.0	0.0	9.0	6.0	5.0	3.0	0.0	9.0	4.0	8.0	2.0	5.0	9.0	7.0	0.0	4.0	5.0	5.0	9.0	2.0	1.0	9.0	9.0	3.0	2.0	0.0	7.0	7.0	1.0	4.0	7.0	9.0	2.0	3.0	6.0	8.0	0.0	0.0	3.0	7.0	0.0	2.0	0.0	4.0	9.0	9.0	2.0	4.0	7.0	1.0	6.0	2.0	8.0	3.0	
4.0	3.0	4.0	3.0	3.0	0.0	3.0	6.0	7.0	7.0	6.0	5.0	6.0	2.0	7.0	8.0	7.0	6.0	0.0	1.0	4.0	7.0	8.0	6.0	6.0	5.0	7.0	5.0	5.0	7.0	7.0	7.0	8.0	7.0	4.0	5.0	6.0	2.0	2.0	0.0	8.0	0.0	0.0	6.0	3.0	9.0	3.0	9.0	2.0	1.0	3.0	5.0	1.0	2.0	3.0	2.0	7.0	7.0	0.0	6.0	2.0	3.0	7.0	1.0	2.0	6.0	8.0	5.0	0.0	6.0	7.0	9.0	2.0	0.0	2.0	3.0	1.0	5.0	5.0	7.0	6.0	6.0	9.0	0.0	7.0	1.0	2.0	3.0	7.0	9.0	4.0	9.0	0.0	9.0	0.0	0.0	2.0	4.0	6.0	0.0	
4.0	7.0	1.0	3.0	4.0	7.0	9.0	1.0	7.0	1.0	8.0	4.0	7.0	5.0	0.0	7.0	1.0	5.0	9.0	1.0	1.0	9.0	2.0	2.0	1.0	5.0	1.0	7.0	7.0	7.0	3.0	9.0	2.0	6.0	8.0	2.0	3.0	1.0	4.0	1.0	8.0	7.0	6.0	5.0	3.0	3.0	7.0	6.0	2.0	8.0	7.0	9.0	0.0	4.0	7.0	6.0	5.0	0.0	9.0	7.0	2.0	5.0	2.0	3.0	9.0	7.0	0.0	9.0	5.0	7.0	8.0	7.0	8.0	2.0	3.0	1.0	9.0	6.0	3.0	4.0	3.0	9.0	7.0	8.0	0.0	2.0	5.0	3.0	6.0	0.0	8.0	8.0	5.0	9.0	3.0	8.0	9.0	2.0	4.0	8.0	
0.0	1.0	9.0	2.0	8.0	3.0	3.0	6.0	2.0	5.0	2.0	1.0	1.0	7.0	7.0	2.0	3.0	1.0	4.0	0.0	8.0	6.0	8.0	2.0	7.0	5.0	6.0	9.0	5.0	7.0	7.0	3.0	6.0	8.0	5.0	3.0	2.0	3.0	1.0	9.0	7.0	8.0	6.0	7.0	2.0	8.0	4.0	0.0	1.0	9.0	7.0	7.0	3.0	7.0	5.0	8.0	8.0	4.0	7.0	1.0	2.0	0.0	4.0	4.0	4.0	6.0	8.0	7.0	4.0	4.0	0.0	8.0	8.0	6.0	4.0	6.0	2.0	6.0	6.0	3.0	6.0	7.0	0.0	2.0	2.0	3.0	3.0	8.0	3.0	9.0	7.0	1.0	6.0	4.0	7.0	9.0	8.0	2.0	0.0	5.0	
4.0	4.0	9.0	6.0	8.0	8.0	4.0	3.0	7.0	7.0	3.0	9.0	9.0	3.0	7.0	9.0	2.0	5.0	6.0	1.0	5.0	1.0	4.0	8.0	2.0	9.0	0.0	3.0	9.0	0.0	5.0	7.0	2.0	2.0	4.0	0.0	9.0	1.0	9.0	8.0	8.0	0.0	1.0	1.0	6.0	7.0	7.0	2.0	9.0	2.0	5.0	5.0	6.0	9.0	8.0	3.0	1.0	9.0	5.0	4.0	0.0	3.0	7.0	1.0	7.0	5.0	3.0	7.0	2.0	4.0	7.0	7.0	5.0	7.0	1.0	1.0	4.0	6.0	0.0	3.0	3.0	2.0	5.0	5.0	0.0	7.0	6.0	3.0	3.0	9.0	1.0	1.0	4.0	9.0	0.0	4.0	6.0	7.0	9.0	5.0	
6.0	6.0	9.0	3.0	3.0	6.0	1.0	9.0	6.0	9.0	1.0	3.0	9.0	6.0	6.0	8.0	7.0	6.0	6.0	8.0	6.0	4.0	3.0	7.0	6.0	3.0	0.0	8.0	2.0	9.0	4.0	9.0	6.0	5.0	7.0	3.0	3.0	3.0	7.0	7.0	0.0	3.0	8.0	4.0	4.0	1.0	7.0	4.0	5.0	7.0	7.0	0.0	0.0	3.0	6.0	5.0	8.0	4.0	5.0	9.0	7.0	1.0	3.0	1.0	0.0	7.0	0.0	4.0	0.0	2.0	9.0	3.0	7.0	1.0	9.0	4.0	7.0	7.0	8.0	4.0	2.0	4.0	7.0	9.0	4.0	9.0	0.0	9.0	9.0	2.0	7.0	2.0	9.0	4.0	2.0	5.0	4.0	8.0	9.0	3.0	
1.0	9.0	6.0	2.0	4.0	2.0	1.0	3.0	4.0	5.0	4.0	7.0	9.0	5.0	6.0	7.0	0.0	5.0	5.0	4.0	2.0	0.0	9.0	1.0	4.0	5.0	9.0	7.0	8.0	6.0	7.0	5.0	9.0	9.0	4.0	1.0	4.0	3.0	8.0	5.0	4.0	5.0	7.0	5.0	3.0	2.0	0.0	6.0	2.0	7.0	4.0	0.0	4.0	2.0	8.0	7.0	7.0	5.0	4.0	6.0	7.0	3.0	2.0	4.0	6.0	0.0	4.0	9.0	5.0	4.0	9.0	3.0	0.0	7.0	8.0	9.0	6.0	2.0	0.0	9.0	1.0	2.0	3.0	9.0	9.0	4.0	8.0	7.0	1.0	7.0	0.0	9.0	7.0	3.0	9.0	2.0	6.0	9.0	7.0	8.0	
4.0	6.0	6.0	4.0	0.0	2.0	5.0	0.0	8.0	0.0	3.0	2.0	1.0	5.0	7.0	1.0	4.0	0.0	5.0	1.0	5.0	2.0	7.0	1.0	7.0	9.0	5.0	8.0	4.0	1.0	9.0	3.0	8.0	8.0	4.0	3.0	7.0	0.0	7.0	1.0	2.0	1.0	0.0	2.0	6.0	9.0	6.0	2.0	4.0	9.0	0.0	0.0	2.0	0.0	3.0	6.0	7.0	9.0	7.0	0.0	7.0	3.0	0.0	3.0	3.0	4.0	8.0	9.0	0.0	1.0	5.0	8.0	3.0	7.0	9.0	5.0	6.0	4.0	9.0	4.0	7.0	9.0	3.0	2.0	9.0	9.0	8.0	1.0	1.0	2.0	9.0	4.0	7.0	5.0	9.0	6.0	3.0	2.0	3.0	2.0	
6.0	6.0	8.0	2.0	8.0	2.0	1.0	9.0	8.0	4.0	6.0	7.0	9.0	0.0	8.0	4.0	4.0	8.0	8.0	5.0	5.0	4.0	1.0	4.0	7.0	4.0	8.0	4.0	4.0	5.0	6.0	0.0	0.0	6.0	6.0	5.0	5.0	7.0	2.0	1.0	2.0	2.0	8.0	8.0	0.0	3.0	2.0	9.0	7.0	8.0	5.0	9.0	9.0	5.0	1.0	6.0	0.0	1.0	4.0	8.0	7.0	9.0	6.0	8.0	7.0	9.0	2.0	0.0	1.0	6.0	0.0	1.0	9.0	9.0	3.0	5.0	6.0	7.0	9.0	7.0	8.0	8.0	6.0	7.0	2.0	0.0	5.0	6.0	4.0	9.0	7.0	7.0	4.0	0.0	9.0	0.0	9.0	4.0	8.0	7.0	
4.0	6.0	0.0	8.0	5.0	6.0	1.0	5.0	8.0	5.0	5.0	4.0	3.0	6.0	8.0	4.0	1.0	5.0	2.0	6.0	0.0	3.0	4.0	8.0	7.0	1.0	1.0	6.0	8.0	9.0	3.0	8.0	8.0	5.0	9.0	7.0	2.0	6.0	3.0	7.0	5.0	3.0	9.0	5.0	2.0	5.0	8.0	6.0	4.0	8.0	0.0	8.0	7.0	7.0	1.0	3.0	5.0	4.0	8.0	6.0	1.0	7.0	7.0	7.0	6.0	4.0	5.0	1.0	3.0	4.0	5.0	2.0	5.0	6.0	3.0	4.0	4.0	9.0	0.0	9.0	1.0	2.0	5.0	3.0	4.0	9.0	9.0	4.0	9.0	4.0	3.0	5.0	0.0	5.0	6.0	9.0	7.0	0.0	8.0	6.0	
0.0	6.0	9.0	6.0	3.0	3.0	4.0	8.0	0.0	6.0	9.0	9.0	0.0	2.0	3.0	2.0	2.0	2.0	0.0	4.0	2.0	6.0	2.0	9.0	9.0	3.0	3.0	7.0	1.0	5.0	9.0	9.0	4.0	7.0	9.0	8.0	9.0	6.0	0.0	5.0	5.0	0.0	6.0	5.0	3.0	8.0	7.0	7.0	0.0	3.0	5.0	1.0	4.0	1.0	7.0	7.0	9.0	9.0	1.0	5.0	2.0	3.0	5.0	9.0	9.0	5.0	9.0	3.0	6.0	3.0	1.0	5.0	2.0	6.0	2.0	4.0	9.0	9.0	0.0	9.0	7.0	9.0	0.0	6.0	7.0	0.0	3.0	7.0	0.0	2.0	9.0	9.0	9.0	6.0	4.0	4.0	3.0	1.0	4.0	8.0	
4.0	5.0	0.0	5.0	6.0	7.0	9.0	4.0	4.0	4.0	0.0	1.0	2.0	4.0	2.0	7.0	9.0	5.0	4.0	8.0	5.0	2.0	9.0	1.0	3.0	1.0	6.0	3.0	6.0	0.0	8.0	3.0	2.0	1.0	9.0	5.0	4.0	2.0	3.0	5.0	7.0	1.0	7.0	6.0	2.0	5.0	1.0	9.0	2.0	1.0	8.0	2.0	7.0	1.0	2.0	8.0	7.0	2.0	7.0	5.0	6.0	3.0	9.0	4.0	0.0	4.0	6.0	8.0	3.0	9.0	2.0	6.0	0.0	3.0	3.0	0.0	6.0	3.0	5.0	4.0	2.0	9.0	9.0	9.0	1.0	0.0	8.0	9.0	4.0	5.0	2.0	6.0	0.0	9.0	4.0	6.0	5.0	7.0	1.0	3.0	
6.0	4.0	0.0	0.0	8.0	2.0	7.0	3.0	0.0	4.0	6.0	0.0	6.0	5.0	2.0	7.0	8.0	3.0	2.0	0.0	9.0	1.0	3.0	5.0	3.0	3.0	9.0	2.0	1.0	2.0	6.0	1.0	1.0	2.0	2.0	1.0	5.0	2.0	8.0	9.0	3.0	2.0	5.0	1.0	8.0	4.0	7.0	4.0	5.0	7.0	2.0	5.0	9.0	9.0	6.0	6.0	6.0	0.0	6.0	5.0	0.0	9.0	4.0	9.0	3.0	2.0	7.0	5.0	4.0	1.0	1.0	3.0	4.0	4.0	1.0	6.0	0.0	6.0	5.0	9.0	5.0	9.0	4.0	0.0	6.0	2.0	9.0	8.0	6.0	4.0	6.0	3.0	9.0	7.0	3.0	5.0	8.0	5.0	2.0	0.0	
1.0	2.0	8.0	3.0	8.0	8.0	9.0	7.0	7.0	6.0	5.0	8.0	5.0	0.0	6.0	2.0	4.0	9.0	0.0	7.0	4.0	4.0	8.0	5.0	7.0	5.0	3.0	2.0	3.0	2.0	7.0	9.0	5.0	5.0	0.0	5.0	1.0	4.0	1.0	2.0	2.0	3.0	4.0	5.0	0.0	6.0	4.0	6.0	7.0	5.0	0.0	1.0	7.0	5.0	5.0	5.0	4.0	7.0	7.0	5.0	6.0	7.0	5.0	5.0	3.0	3.0	0.0	5.0	6.0	2.0	9.0	0.0	6.0	3.0	6.0	7.0	7.0	7.0	0.0	1.0	6.0	3.0	6.0	0.0	2.0	4.0	2.0	2.0	7.0	8.0	9.0	2.0	4.0	0.0	1.0	7.0	5.0	3.0	1.0	2.0	
6.0	0.0	5.0	9.0	0.0	9.0	4.0	9.0	4.0	1.0	1.0	4.0	3.0	0.0	3.0	5.0	0.0	3.0	3.0	5.0	8.0	5.0	3.0	2.0	5.0	7.0	6.0	6.0	8.0	7.0	3.0	6.0	6.0	7.0	3.0	9.0	8.0	5.0	6.0	7.0	8.0	0.0	8.0	4.0	4.0	8.0	3.0	6.0	0.0	8.0	2.0	9.0	0.0	0.0	1.0	1.0	6.0	5.0	9.0	7.0	8.0	3.0	5.0	1.0	8.0	3.0	4.0	6.0	4.0	8.0	2.0	1.0	9.0	5.0	4.0	3.0	5.0	7.0	7.0	3.0	3.0	1.0	5.0	2.0	8.0	6.0	4.0	0.0	9.0	9.0	7.0	3.0	8.0	8.0	4.0	1.0	2.0	1.0	0.0	8.0	
4.0	1.0	9.0	4.0	0.0	0.0	9.0	8.0	5.0	4.0	9.0	2.0	9.0	1.0	4.0	9.0	2.0	4.0	8.0	3.0	3.0	3.0	8.0	5.0	4.0	4.0	2.0	1.0	7.0	9.0	0.0	3.0	7.0	5.0	0.0	4.0	2.0	3.0	7.0	1.0	8.0	3.0	1.0	9.0	1.0	6.0	2.0	1.0	1.0	5.0	4.0	8.0	6.0	0.0	6.0	0.0	7.0	6.0	5.0	1.0	5.0	2.0	4.0	5.0	7.0	3.0	2.0	2.0	2.0	5.0	4.0	7.0	2.0	3.0	5.0	0.0	1.0	3.0	8.0	0.0	3.0	0.0	2.0	1.0	3.0	0.0	8.0	5.0	5.0	3.0	8.0	2.0	7.0	6.0	8.0	3.0	0.0	2.0	8.0	5.0	


Observation numbers:
	Present instant:500.0111439650737
	Number of move events:13793
	Number of evaporations:0
	Top candidate cycles:
	Best Hamiltonian cycle:


Observation numbers:
	Present instant:1000.1555980137277
	Number of move events:27539
	Number of evaporations:0
	Top candidate cycles:
	Best Hamiltonian cycle:


Observation numbers:
	Present instant:1500.0089795101173
	Number of move events:40817
	Number of evaporations:0
	Top candidate cycles:
	Best Hamiltonian cycle:


Observation numbers:
	Present instant:2000.0062267306498
	Number of move events:53559
	Number of evaporations:990
	Top candidate cycles:
		{7, 61, 57, 49, 84, 100, 60, 56, 64, 86, 20, 39, 58, 46, 27, 91, 33, 37, 22, 41, 5, 4, 63, 29, 43, 40, 34, 8, 62, 9, 48, 44, 25, 21, 75, 74, 14, 80, 50, 52, 65, 15, 99, 12, 13, 1, 54, 78, 53, 98, 70, 32, 24, 81, 6, 18, 77, 31, 97, 71, 73, 2, 76, 93, 23, 96, 28, 79, 3, 82, 72, 59, 83, 92, 30, 66, 47, 45, 69, 35, 42, 85, 17, 94, 88, 36, 87, 51, 55, 10, 26, 95, 16, 89, 67, 38, 68, 11, 19, 90}:402.0
		{7, 77, 87, 65, 58, 94, 26, 6, 37, 30, 9, 79, 40, 16, 100, 48, 82, 36, 49, 83, 92, 14, 95, 90, 66, 34, 23, 71, 45, 32, 99, 75, 62, 24, 28, 43, 41, 50, 98, 13, 22, 60, 54, 10, 68, 46, 47, 44, 76, 39, 81, 70, 15, 52, 5, 2, 35, 69, 93, 91, 97, 31, 89, 33, 86, 20, 96, 1, 29, 84, 27, 88, 67, 51, 59, 63, 4, 57, 55, 74, 64, 42, 25, 38, 11, 85, 12, 61, 80, 18, 19, 56, 8, 78, 21, 17, 72, 53, 73, 3}:440.0
	Best Hamiltonian cycle:
		{7, 14, 67, 74, 91, 36, 72, 76, 92, 64, 58, 47, 87, 61, 13, 94, 2, 41, 44, 82, 28, 70, 85, 11, 39, 83, 69, 62, 42, 27, 18, 6, 93, 79, 12, 1, 34, 63, 26, 22, 25, 60, 99, 10, 20, 81, 45, 78, 33, 89, 73, 52, 17, 23, 75, 46, 35, 77, 15, 24, 8, 65, 84, 48, 98, 30, 71, 50, 54, 56, 57, 86, 53, 55, 31, 5, 96, 38, 16, 49, 59, 40, 100, 43, 95, 29, 90, 37, 80, 3, 88, 4, 51, 21, 19, 32, 97, 66, 68, 9}:368.0


Observation numbers:
	Present instant:2500.035776410057
	Number of move events:66688
	Number of evaporations:990
	Top candidate cycles:
		{7, 61, 57, 49, 84, 100, 60, 56, 64, 86, 20, 39, 58, 46, 27, 91, 33, 37, 22, 41, 5, 4, 63, 29, 43, 40, 34, 8, 62, 9, 48, 44, 25, 21, 75, 74, 14, 80, 50, 52, 65, 15, 99, 12, 13, 1, 54, 78, 53, 98, 70, 32, 24, 81, 6, 18, 77, 31, 97, 71, 73, 2, 76, 93, 23, 96, 28, 79, 3, 82, 72, 59, 83, 92, 30, 66, 47, 45, 69, 35, 42, 85, 17, 94, 88, 36, 87, 51, 55, 10, 26, 95, 16, 89, 67, 38, 68, 11, 19, 90}:402.0
		{7, 77, 87, 65, 58, 94, 26, 6, 37, 30, 9, 79, 40, 16, 100, 48, 82, 36, 49, 83, 92, 14, 95, 90, 66, 34, 23, 71, 45, 32, 99, 75, 62, 24, 28, 43, 41, 50, 98, 13, 22, 60, 54, 10, 68, 46, 47, 44, 76, 39, 81, 70, 15, 52, 5, 2, 35, 69, 93, 91, 97, 31, 89, 33, 86, 20, 96, 1, 29, 84, 27, 88, 67, 51, 59, 63, 4, 57, 55, 74, 64, 42, 25, 38, 11, 85, 12, 61, 80, 18, 19, 56, 8, 78, 21, 17, 72, 53, 73, 3}:440.0
	Best Hamiltonian cycle:
		{7, 14, 67, 74, 91, 36, 72, 76, 92, 64, 58, 47, 87, 61, 13, 94, 2, 41, 44, 82, 28, 70, 85, 11, 39, 83, 69, 62, 42, 27, 18, 6, 93, 79, 12, 1, 34, 63, 26, 22, 25, 60, 99, 10, 20, 81, 45, 78, 33, 89, 73, 52, 17, 23, 75, 46, 35, 77, 15, 24, 8, 65, 84, 48, 98, 30, 71, 50, 54, 56, 57, 86, 53, 55, 31, 5, 96, 38, 16, 49, 59, 40, 100, 43, 95, 29, 90, 37, 80, 3, 88, 4, 51, 21, 19, 32, 97, 66, 68, 9}:368.0


Observation numbers:
	Present instant:3000.008127399027
	Number of move events:79901
	Number of evaporations:1683
	Top candidate cycles:
		{7, 15, 17, 100, 20, 85, 2, 13, 92, 94, 99, 10, 44, 89, 21, 54, 80, 96, 8, 42, 41, 79, 14, 31, 78, 93, 40, 52, 4, 53, 39, 98, 95, 60, 49, 34, 9, 62, 66, 19, 26, 59, 81, 56, 83, 32, 87, 51, 47, 18, 1, 12, 30, 75, 97, 29, 63, 57, 45, 86, 50, 16, 38, 84, 5, 28, 72, 23, 76, 71, 64, 37, 61, 48, 35, 68, 11, 88, 70, 24, 82, 74, 33, 22, 25, 43, 3, 55, 77, 27, 67, 73, 69, 58, 65, 6, 36, 46, 90, 91}:368.0
		{7, 12, 45, 51, 55, 2, 3, 56, 94, 80, 64, 66, 72, 33, 98, 95, 48, 44, 25, 15, 90, 42, 34, 9, 84, 89, 23, 54, 83, 37, 18, 30, 92, 70, 29, 63, 4, 38, 99, 82, 36, 35, 96, 85, 71, 22, 93, 53, 77, 19, 10, 78, 69, 62, 47, 65, 86, 87, 74, 41, 61, 13, 39, 97, 5, 40, 73, 46, 57, 67, 68, 59, 81, 31, 1, 20, 58, 49, 76, 17, 79, 28, 14, 43, 21, 32, 88, 100, 50, 16, 24, 11, 91, 27, 75, 26, 52, 60, 6, 8}:386.0
		{7, 61, 57, 49, 84, 100, 60, 56, 64, 86, 20, 39, 58, 46, 27, 91, 33, 37, 22, 41, 5, 4, 63, 29, 43, 40, 34, 8, 62, 9, 48, 44, 25, 21, 75, 74, 14, 80, 50, 52, 65, 15, 99, 12, 13, 1, 54, 78, 53, 98, 70, 32, 24, 81, 6, 18, 77, 31, 97, 71, 73, 2, 76, 93, 23, 96, 28, 79, 3, 82, 72, 59, 83, 92, 30, 66, 47, 45, 69, 35, 42, 85, 17, 94, 88, 36, 87, 51, 55, 10, 26, 95, 16, 89, 67, 38, 68, 11, 19, 90}:402.0
		{7, 77, 87, 65, 58, 94, 26, 6, 37, 30, 9, 79, 40, 16, 100, 48, 82, 36, 49, 83, 92, 14, 95, 90, 66, 34, 23, 71, 45, 32, 99, 75, 62, 24, 28, 43, 41, 50, 98, 13, 22, 60, 54, 10, 68, 46, 47, 44, 76, 39, 81, 70, 15, 52, 5, 2, 35, 69, 93, 91, 97, 31, 89, 33, 86, 20, 96, 1, 29, 84, 27, 88, 67, 51, 59, 63, 4, 57, 55, 74, 64, 42, 25, 38, 11, 85, 12, 61, 80, 18, 19, 56, 8, 78, 21, 17, 72, 53, 73, 3}:440.0
	Best Hamiltonian cycle:
		{7, 14, 67, 74, 91, 36, 72, 76, 92, 64, 58, 47, 87, 61, 13, 94, 2, 41, 44, 82, 28, 70, 85, 11, 39, 83, 69, 62, 42, 27, 18, 6, 93, 79, 12, 1, 34, 63, 26, 22, 25, 60, 99, 10, 20, 81, 45, 78, 33, 89, 73, 52, 17, 23, 75, 46, 35, 77, 15, 24, 8, 65, 84, 48, 98, 30, 71, 50, 54, 56, 57, 86, 53, 55, 31, 5, 96, 38, 16, 49, 59, 40, 100, 43, 95, 29, 90, 37, 80, 3, 88, 4, 51, 21, 19, 32, 97, 66, 68, 9}:368.0


Observation numbers:
	Present instant:3500.0095470252386
	Number of move events:93049
	Number of evaporations:2475
	Top candidate cycles:
		{7, 5, 51, 68, 16, 95, 22, 77, 61, 33, 100, 45, 32, 86, 87, 93, 6, 10, 35, 92, 88, 49, 90, 1, 12, 74, 13, 19, 85, 24, 9, 41, 79, 40, 29, 57, 43, 59, 23, 70, 82, 73, 42, 96, 72, 55, 50, 58, 21, 37, 15, 78, 52, 67, 56, 44, 25, 65, 26, 48, 99, 38, 81, 3, 30, 31, 8, 47, 46, 20, 75, 89, 64, 91, 2, 98, 69, 94, 28, 97, 63, 66, 34, 62, 84, 4, 14, 17, 27, 80, 83, 54, 76, 60, 18, 53, 39, 36, 71, 11}:363.0
		{7, 15, 17, 100, 20, 85, 2, 13, 92, 94, 99, 10, 44, 89, 21, 54, 80, 96, 8, 42, 41, 79, 14, 31, 78, 93, 40, 52, 4, 53, 39, 98, 95, 60, 49, 34, 9, 62, 66, 19, 26, 59, 81, 56, 83, 32, 87, 51, 47, 18, 1, 12, 30, 75, 97, 29, 63, 57, 45, 86, 50, 16, 38, 84, 5, 28, 72, 23, 76, 71, 64, 37, 61, 48, 35, 68, 11, 88, 70, 24, 82, 74, 33, 22, 25, 43, 3, 55, 77, 27, 67, 73, 69, 58, 65, 6, 36, 46, 90, 91}:368.0
		{7, 14, 67, 74, 91, 36, 72, 76, 92, 64, 58, 47, 87, 61, 13, 94, 2, 41, 44, 82, 28, 70, 85, 11, 39, 83, 69, 62, 42, 27, 18, 6, 93, 79, 12, 1, 34, 63, 26, 22, 25, 60, 99, 10, 20, 81, 45, 78, 33, 89, 73, 52, 17, 23, 75, 46, 35, 77, 15, 24, 8, 65, 84, 48, 98, 30, 71, 50, 54, 56, 57, 86, 53, 55, 31, 5, 96, 38, 16, 49, 59, 40, 100, 43, 95, 29, 90, 37, 80, 3, 88, 4, 51, 21, 19, 32, 97, 66, 68, 9}:368.0
		{7, 12, 45, 51, 55, 2, 3, 56, 94, 80, 64, 66, 72, 33, 98, 95, 48, 44, 25, 15, 90, 42, 34, 9, 84, 89, 23, 54, 83, 37, 18, 30, 92, 70, 29, 63, 4, 38, 99, 82, 36, 35, 96, 85, 71, 22, 93, 53, 77, 19, 10, 78, 69, 62, 47, 65, 86, 87, 74, 41, 61, 13, 39, 97, 5, 40, 73, 46, 57, 67, 68, 59, 81, 31, 1, 20, 58, 49, 76, 17, 79, 28, 14, 43, 21, 32, 88, 100, 50, 16, 24, 11, 91, 27, 75, 26, 52, 60, 6, 8}:386.0
		{7, 61, 57, 49, 84, 100, 60, 56, 64, 86, 20, 39, 58, 46, 27, 91, 33, 37, 22, 41, 5, 4, 63, 29, 43, 40, 34, 8, 62, 9, 48, 44, 25, 21, 75, 74, 14, 80, 50, 52, 65, 15, 99, 12, 13, 1, 54, 78, 53, 98, 70, 32, 24, 81, 6, 18, 77, 31, 97, 71, 73, 2, 76, 93, 23, 96, 28, 79, 3, 82, 72, 59, 83, 92, 30, 66, 47, 45, 69, 35, 42, 85, 17, 94, 88, 36, 87, 51, 55, 10, 26, 95, 16, 89, 67, 38, 68, 11, 19, 90}:402.0
	Best Hamiltonian cycle:
		{7, 4, 36, 67, 97, 32, 40, 31, 50, 77, 56, 98, 99, 64, 54, 63, 89, 96, 29, 71, 45, 100, 62, 2, 59, 58, 49, 60, 95, 84, 28, 14, 15, 12, 76, 5, 68, 81, 24, 30, 83, 80, 22, 92, 1, 18, 88, 37, 91, 72, 86, 61, 69, 73, 39, 70, 20, 78, 90, 6, 42, 33, 66, 65, 44, 47, 38, 82, 3, 10, 57, 53, 21, 79, 17, 9, 52, 11, 51, 48, 43, 55, 93, 85, 26, 75, 25, 19, 13, 34, 41, 46, 35, 87, 27, 94, 8, 16, 23, 74}:357.0


Observation numbers:
	Present instant:4000.0267780332633
	Number of move events:106225
	Number of evaporations:3168
	Top candidate cycles:
		{7, 17, 4, 15, 78, 81, 2, 49, 6, 96, 10, 37, 67, 75, 36, 9, 1, 42, 52, 33, 43, 79, 68, 64, 82, 56, 19, 65, 66, 84, 55, 100, 73, 69, 20, 87, 34, 97, 71, 51, 29, 80, 62, 23, 89, 8, 85, 38, 54, 35, 94, 61, 27, 31, 60, 57, 16, 44, 92, 12, 74, 76, 40, 13, 32, 18, 14, 25, 93, 98, 70, 90, 50, 3, 22, 72, 63, 86, 21, 58, 11, 83, 77, 88, 39, 30, 95, 28, 59, 91, 45, 48, 41, 5, 46, 24, 99, 47, 53, 26}:357.0
		{7, 5, 51, 68, 16, 95, 22, 77, 61, 33, 100, 45, 32, 86, 87, 93, 6, 10, 35, 92, 88, 49, 90, 1, 12, 74, 13, 19, 85, 24, 9, 41, 79, 40, 29, 57, 43, 59, 23, 70, 82, 73, 42, 96, 72, 55, 50, 58, 21, 37, 15, 78, 52, 67, 56, 44, 25, 65, 26, 48, 99, 38, 81, 3, 30, 31, 8, 47, 46, 20, 75, 89, 64, 91, 2, 98, 69, 94, 28, 97, 63, 66, 34, 62, 84, 4, 14, 17, 27, 80, 83, 54, 76, 60, 18, 53, 39, 36, 71, 11}:363.0
		{7, 15, 17, 100, 20, 85, 2, 13, 92, 94, 99, 10, 44, 89, 21, 54, 80, 96, 8, 42, 41, 79, 14, 31, 78, 93, 40, 52, 4, 53, 39, 98, 95, 60, 49, 34, 9, 62, 66, 19, 26, 59, 81, 56, 83, 32, 87, 51, 47, 18, 1, 12, 30, 75, 97, 29, 63, 57, 45, 86, 50, 16, 38, 84, 5, 28, 72, 23, 76, 71, 64, 37, 61, 48, 35, 68, 11, 88, 70, 24, 82, 74, 33, 22, 25, 43, 3, 55, 77, 27, 67, 73, 69, 58, 65, 6, 36, 46, 90, 91}:368.0
		{7, 14, 67, 74, 91, 36, 72, 76, 92, 64, 58, 47, 87, 61, 13, 94, 2, 41, 44, 82, 28, 70, 85, 11, 39, 83, 69, 62, 42, 27, 18, 6, 93, 79, 12, 1, 34, 63, 26, 22, 25, 60, 99, 10, 20, 81, 45, 78, 33, 89, 73, 52, 17, 23, 75, 46, 35, 77, 15, 24, 8, 65, 84, 48, 98, 30, 71, 50, 54, 56, 57, 86, 53, 55, 31, 5, 96, 38, 16, 49, 59, 40, 100, 43, 95, 29, 90, 37, 80, 3, 88, 4, 51, 21, 19, 32, 97, 66, 68, 9}:368.0
		{7, 12, 45, 51, 55, 2, 3, 56, 94, 80, 64, 66, 72, 33, 98, 95, 48, 44, 25, 15, 90, 42, 34, 9, 84, 89, 23, 54, 83, 37, 18, 30, 92, 70, 29, 63, 4, 38, 99, 82, 36, 35, 96, 85, 71, 22, 93, 53, 77, 19, 10, 78, 69, 62, 47, 65, 86, 87, 74, 41, 61, 13, 39, 97, 5, 40, 73, 46, 57, 67, 68, 59, 81, 31, 1, 20, 58, 49, 76, 17, 79, 28, 14, 43, 21, 32, 88, 100, 50, 16, 24, 11, 91, 27, 75, 26, 52, 60, 6, 8}:386.0
	Best Hamiltonian cycle:
		{7, 4, 36, 67, 97, 32, 40, 31, 50, 77, 56, 98, 99, 64, 54, 63, 89, 96, 29, 71, 45, 100, 62, 2, 59, 58, 49, 60, 95, 84, 28, 14, 15, 12, 76, 5, 68, 81, 24, 30, 83, 80, 22, 92, 1, 18, 88, 37, 91, 72, 86, 61, 69, 73, 39, 70, 20, 78, 90, 6, 42, 33, 66, 65, 44, 47, 38, 82, 3, 10, 57, 53, 21, 79, 17, 9, 52, 11, 51, 48, 43, 55, 93, 85, 26, 75, 25, 19, 13, 34, 41, 46, 35, 87, 27, 94, 8, 16, 23, 74}:357.0


Observation numbers:
	Present instant:4500.0438206078525
	Number of move events:119547
	Number of evaporations:3168
	Top candidate cycles:
		{7, 17, 4, 15, 78, 81, 2, 49, 6, 96, 10, 37, 67, 75, 36, 9, 1, 42, 52, 33, 43, 79, 68, 64, 82, 56, 19, 65, 66, 84, 55, 100, 73, 69, 20, 87, 34, 97, 71, 51, 29, 80, 62, 23, 89, 8, 85, 38, 54, 35, 94, 61, 27, 31, 60, 57, 16, 44, 92, 12, 74, 76, 40, 13, 32, 18, 14, 25, 93, 98, 70, 90, 50, 3, 22, 72, 63, 86, 21, 58, 11, 83, 77, 88, 39, 30, 95, 28, 59, 91, 45, 48, 41, 5, 46, 24, 99, 47, 53, 26}:357.0
		{7, 5, 51, 68, 16, 95, 22, 77, 61, 33, 100, 45, 32, 86, 87, 93, 6, 10, 35, 92, 88, 49, 90, 1, 12, 74, 13, 19, 85, 24, 9, 41, 79, 40, 29, 57, 43, 59, 23, 70, 82, 73, 42, 96, 72, 55, 50, 58, 21, 37, 15, 78, 52, 67, 56, 44, 25, 65, 26, 48, 99, 38, 81, 3, 30, 31, 8, 47, 46, 20, 75, 89, 64, 91, 2, 98, 69, 94, 28, 97, 63, 66, 34, 62, 84, 4, 14, 17, 27, 80, 83, 54, 76, 60, 18, 53, 39, 36, 71, 11}:363.0
		{7, 15, 17, 100, 20, 85, 2, 13, 92, 94, 99, 10, 44, 89, 21, 54, 80, 96, 8, 42, 41, 79, 14, 31, 78, 93, 40, 52, 4, 53, 39, 98, 95, 60, 49, 34, 9, 62, 66, 19, 26, 59, 81, 56, 83, 32, 87, 51, 47, 18, 1, 12, 30, 75, 97, 29, 63, 57, 45, 86, 50, 16, 38, 84, 5, 28, 72, 23, 76, 71, 64, 37, 61, 48, 35, 68, 11, 88, 70, 24, 82, 74, 33, 22, 25, 43, 3, 55, 77, 27, 67, 73, 69, 58, 65, 6, 36, 46, 90, 91}:368.0
		{7, 14, 67, 74, 91, 36, 72, 76, 92, 64, 58, 47, 87, 61, 13, 94, 2, 41, 44, 82, 28, 70, 85, 11, 39, 83, 69, 62, 42, 27, 18, 6, 93, 79, 12, 1, 34, 63, 26, 22, 25, 60, 99, 10, 20, 81, 45, 78, 33, 89, 73, 52, 17, 23, 75, 46, 35, 77, 15, 24, 8, 65, 84, 48, 98, 30, 71, 50, 54, 56, 57, 86, 53, 55, 31, 5, 96, 38, 16, 49, 59, 40, 100, 43, 95, 29, 90, 37, 80, 3, 88, 4, 51, 21, 19, 32, 97, 66, 68, 9}:368.0
		{7, 12, 45, 51, 55, 2, 3, 56, 94, 80, 64, 66, 72, 33, 98, 95, 48, 44, 25, 15, 90, 42, 34, 9, 84, 89, 23, 54, 83, 37, 18, 30, 92, 70, 29, 63, 4, 38, 99, 82, 36, 35, 96, 85, 71, 22, 93, 53, 77, 19, 10, 78, 69, 62, 47, 65, 86, 87, 74, 41, 61, 13, 39, 97, 5, 40, 73, 46, 57, 67, 68, 59, 81, 31, 1, 20, 58, 49, 76, 17, 79, 28, 14, 43, 21, 32, 88, 100, 50, 16, 24, 11, 91, 27, 75, 26, 52, 60, 6, 8}:386.0
	Best Hamiltonian cycle:
		{7, 4, 36, 67, 97, 32, 40, 31, 50, 77, 56, 98, 99, 64, 54, 63, 89, 96, 29, 71, 45, 100, 62, 2, 59, 58, 49, 60, 95, 84, 28, 14, 15, 12, 76, 5, 68, 81, 24, 30, 83, 80, 22, 92, 1, 18, 88, 37, 91, 72, 86, 61, 69, 73, 39, 70, 20, 78, 90, 6, 42, 33, 66, 65, 44, 47, 38, 82, 3, 10, 57, 53, 21, 79, 17, 9, 52, 11, 51, 48, 43, 55, 93, 85, 26, 75, 25, 19, 13, 34, 41, 46, 35, 87, 27, 94, 8, 16, 23, 74}:357.0


Observation numbers:
	Present instant:5000.007400771783
	Number of move events:132577
	Number of evaporations:3762
	Top candidate cycles:
		{7, 17, 4, 15, 78, 81, 2, 49, 6, 96, 10, 37, 67, 75, 36, 9, 1, 42, 52, 33, 43, 79, 68, 64, 82, 56, 19, 65, 66, 84, 55, 100, 73, 69, 20, 87, 34, 97, 71, 51, 29, 80, 62, 23, 89, 8, 85, 38, 54, 35, 94, 61, 27, 31, 60, 57, 16, 44, 92, 12, 74, 76, 40, 13, 32, 18, 14, 25, 93, 98, 70, 90, 50, 3, 22, 72, 63, 86, 21, 58, 11, 83, 77, 88, 39, 30, 95, 28, 59, 91, 45, 48, 41, 5, 46, 24, 99, 47, 53, 26}:357.0
		{7, 5, 51, 68, 16, 95, 22, 77, 61, 33, 100, 45, 32, 86, 87, 93, 6, 10, 35, 92, 88, 49, 90, 1, 12, 74, 13, 19, 85, 24, 9, 41, 79, 40, 29, 57, 43, 59, 23, 70, 82, 73, 42, 96, 72, 55, 50, 58, 21, 37, 15, 78, 52, 67, 56, 44, 25, 65, 26, 48, 99, 38, 81, 3, 30, 31, 8, 47, 46, 20, 75, 89, 64, 91, 2, 98, 69, 94, 28, 97, 63, 66, 34, 62, 84, 4, 14, 17, 27, 80, 83, 54, 76, 60, 18, 53, 39, 36, 71, 11}:363.0
		{7, 15, 17, 100, 20, 85, 2, 13, 92, 94, 99, 10, 44, 89, 21, 54, 80, 96, 8, 42, 41, 79, 14, 31, 78, 93, 40, 52, 4, 53, 39, 98, 95, 60, 49, 34, 9, 62, 66, 19, 26, 59, 81, 56, 83, 32, 87, 51, 47, 18, 1, 12, 30, 75, 97, 29, 63, 57, 45, 86, 50, 16, 38, 84, 5, 28, 72, 23, 76, 71, 64, 37, 61, 48, 35, 68, 11, 88, 70, 24, 82, 74, 33, 22, 25, 43, 3, 55, 77, 27, 67, 73, 69, 58, 65, 6, 36, 46, 90, 91}:368.0
		{7, 14, 67, 74, 91, 36, 72, 76, 92, 64, 58, 47, 87, 61, 13, 94, 2, 41, 44, 82, 28, 70, 85, 11, 39, 83, 69, 62, 42, 27, 18, 6, 93, 79, 12, 1, 34, 63, 26, 22, 25, 60, 99, 10, 20, 81, 45, 78, 33, 89, 73, 52, 17, 23, 75, 46, 35, 77, 15, 24, 8, 65, 84, 48, 98, 30, 71, 50, 54, 56, 57, 86, 53, 55, 31, 5, 96, 38, 16, 49, 59, 40, 100, 43, 95, 29, 90, 37, 80, 3, 88, 4, 51, 21, 19, 32, 97, 66, 68, 9}:368.0
		{7, 12, 45, 51, 55, 2, 3, 56, 94, 80, 64, 66, 72, 33, 98, 95, 48, 44, 25, 15, 90, 42, 34, 9, 84, 89, 23, 54, 83, 37, 18, 30, 92, 70, 29, 63, 4, 38, 99, 82, 36, 35, 96, 85, 71, 22, 93, 53, 77, 19, 10, 78, 69, 62, 47, 65, 86, 87, 74, 41, 61, 13, 39, 97, 5, 40, 73, 46, 57, 67, 68, 59, 81, 31, 1, 20, 58, 49, 76, 17, 79, 28, 14, 43, 21, 32, 88, 100, 50, 16, 24, 11, 91, 27, 75, 26, 52, 60, 6, 8}:386.0
	Best Hamiltonian cycle:
		{7, 4, 36, 67, 97, 32, 40, 31, 50, 77, 56, 98, 99, 64, 54, 63, 89, 96, 29, 71, 45, 100, 62, 2, 59, 58, 49, 60, 95, 84, 28, 14, 15, 12, 76, 5, 68, 81, 24, 30, 83, 80, 22, 92, 1, 18, 88, 37, 91, 72, 86, 61, 69, 73, 39, 70, 20, 78, 90, 6, 42, 33, 66, 65, 44, 47, 38, 82, 3, 10, 57, 53, 21, 79, 17, 9, 52, 11, 51, 48, 43, 55, 93, 85, 26, 75, 25, 19, 13, 34, 41, 46, 35, 87, 27, 94, 8, 16, 23, 74}:357.0


Observation numbers:
	Present instant:5500.106175052809
	Number of move events:145857
	Number of evaporations:4752
	Top candidate cycles:
		{7, 17, 4, 15, 78, 81, 2, 49, 6, 96, 10, 37, 67, 75, 36, 9, 1, 42, 52, 33, 43, 79, 68, 64, 82, 56, 19, 65, 66, 84, 55, 100, 73, 69, 20, 87, 34, 97, 71, 51, 29, 80, 62, 23, 89, 8, 85, 38, 54, 35, 94, 61, 27, 31, 60, 57, 16, 44, 92, 12, 74, 76, 40, 13, 32, 18, 14, 25, 93, 98, 70, 90, 50, 3, 22, 72, 63, 86, 21, 58, 11, 83, 77, 88, 39, 30, 95, 28, 59, 91, 45, 48, 41, 5, 46, 24, 99, 47, 53, 26}:357.0
		{7, 4, 36, 67, 97, 32, 40, 31, 50, 77, 56, 98, 99, 64, 54, 63, 89, 96, 29, 71, 45, 100, 62, 2, 59, 58, 49, 60, 95, 84, 28, 14, 15, 12, 76, 5, 68, 81, 24, 30, 83, 80, 22, 92, 1, 18, 88, 37, 91, 72, 86, 61, 69, 73, 39, 70, 20, 78, 90, 6, 42, 33, 66, 65, 44, 47, 38, 82, 3, 10, 57, 53, 21, 79, 17, 9, 52, 11, 51, 48, 43, 55, 93, 85, 26, 75, 25, 19, 13, 34, 41, 46, 35, 87, 27, 94, 8, 16, 23, 74}:357.0
		{7, 5, 51, 68, 16, 95, 22, 77, 61, 33, 100, 45, 32, 86, 87, 93, 6, 10, 35, 92, 88, 49, 90, 1, 12, 74, 13, 19, 85, 24, 9, 41, 79, 40, 29, 57, 43, 59, 23, 70, 82, 73, 42, 96, 72, 55, 50, 58, 21, 37, 15, 78, 52, 67, 56, 44, 25, 65, 26, 48, 99, 38, 81, 3, 30, 31, 8, 47, 46, 20, 75, 89, 64, 91, 2, 98, 69, 94, 28, 97, 63, 66, 34, 62, 84, 4, 14, 17, 27, 80, 83, 54, 76, 60, 18, 53, 39, 36, 71, 11}:363.0
		{7, 15, 17, 100, 20, 85, 2, 13, 92, 94, 99, 10, 44, 89, 21, 54, 80, 96, 8, 42, 41, 79, 14, 31, 78, 93, 40, 52, 4, 53, 39, 98, 95, 60, 49, 34, 9, 62, 66, 19, 26, 59, 81, 56, 83, 32, 87, 51, 47, 18, 1, 12, 30, 75, 97, 29, 63, 57, 45, 86, 50, 16, 38, 84, 5, 28, 72, 23, 76, 71, 64, 37, 61, 48, 35, 68, 11, 88, 70, 24, 82, 74, 33, 22, 25, 43, 3, 55, 77, 27, 67, 73, 69, 58, 65, 6, 36, 46, 90, 91}:368.0
		{7, 14, 67, 74, 91, 36, 72, 76, 92, 64, 58, 47, 87, 61, 13, 94, 2, 41, 44, 82, 28, 70, 85, 11, 39, 83, 69, 62, 42, 27, 18, 6, 93, 79, 12, 1, 34, 63, 26, 22, 25, 60, 99, 10, 20, 81, 45, 78, 33, 89, 73, 52, 17, 23, 75, 46, 35, 77, 15, 24, 8, 65, 84, 48, 98, 30, 71, 50, 54, 56, 57, 86, 53, 55, 31, 5, 96, 38, 16, 49, 59, 40, 100, 43, 95, 29, 90, 37, 80, 3, 88, 4, 51, 21, 19, 32, 97, 66, 68, 9}:368.0
	Best Hamiltonian cycle:
		{7, 40, 59, 32, 17, 100, 24, 84, 94, 99, 55, 50, 14, 43, 37, 4, 65, 35, 86, 60, 77, 62, 73, 53, 39, 9, 64, 66, 71, 18, 89, 19, 51, 27, 63, 13, 46, 26, 3, 81, 56, 97, 48, 1, 5, 58, 90, 31, 75, 52, 10, 49, 12, 47, 8, 25, 61, 87, 33, 79, 76, 20, 78, 44, 41, 34, 68, 11, 15, 92, 80, 21, 82, 38, 6, 88, 93, 74, 96, 42, 91, 36, 69, 22, 57, 83, 72, 54, 95, 16, 30, 67, 70, 29, 23, 45, 85, 98, 28, 2}:346.0


Observation numbers:
	Present instant:6000.008003706908
	Number of move events:159002
	Number of evaporations:6237
	Top candidate cycles:
		{7, 40, 59, 32, 17, 100, 24, 84, 94, 99, 55, 50, 14, 43, 37, 4, 65, 35, 86, 60, 77, 62, 73, 53, 39, 9, 64, 66, 71, 18, 89, 19, 51, 27, 63, 13, 46, 26, 3, 81, 56, 97, 48, 1, 5, 58, 90, 31, 75, 52, 10, 49, 12, 47, 8, 25, 61, 87, 33, 79, 76, 20, 78, 44, 41, 34, 68, 11, 15, 92, 80, 21, 82, 38, 6, 88, 93, 74, 96, 42, 91, 36, 69, 22, 57, 83, 72, 54, 95, 16, 30, 67, 70, 29, 23, 45, 85, 98, 28, 2}:346.0
		{7, 17, 4, 15, 78, 81, 2, 49, 6, 96, 10, 37, 67, 75, 36, 9, 1, 42, 52, 33, 43, 79, 68, 64, 82, 56, 19, 65, 66, 84, 55, 100, 73, 69, 20, 87, 34, 97, 71, 51, 29, 80, 62, 23, 89, 8, 85, 38, 54, 35, 94, 61, 27, 31, 60, 57, 16, 44, 92, 12, 74, 76, 40, 13, 32, 18, 14, 25, 93, 98, 70, 90, 50, 3, 22, 72, 63, 86, 21, 58, 11, 83, 77, 88, 39, 30, 95, 28, 59, 91, 45, 48, 41, 5, 46, 24, 99, 47, 53, 26}:357.0
		{7, 4, 36, 67, 97, 32, 40, 31, 50, 77, 56, 98, 99, 64, 54, 63, 89, 96, 29, 71, 45, 100, 62, 2, 59, 58, 49, 60, 95, 84, 28, 14, 15, 12, 76, 5, 68, 81, 24, 30, 83, 80, 22, 92, 1, 18, 88, 37, 91, 72, 86, 61, 69, 73, 39, 70, 20, 78, 90, 6, 42, 33, 66, 65, 44, 47, 38, 82, 3, 10, 57, 53, 21, 79, 17, 9, 52, 11, 51, 48, 43, 55, 93, 85, 26, 75, 25, 19, 13, 34, 41, 46, 35, 87, 27, 94, 8, 16, 23, 74}:357.0
		{7, 31, 54, 96, 60, 26, 21, 88, 93, 63, 33, 59, 71, 38, 86, 99, 29, 45, 50, 80, 16, 91, 81, 47, 28, 90, 1, 15, 9, 39, 82, 95, 52, 34, 13, 79, 64, 48, 62, 35, 72, 20, 43, 100, 66, 74, 46, 12, 11, 65, 17, 25, 19, 27, 75, 53, 30, 55, 44, 89, 92, 42, 58, 41, 57, 76, 78, 68, 85, 36, 37, 2, 84, 83, 18, 5, 40, 32, 6, 94, 22, 51, 24, 49, 69, 73, 23, 77, 14, 4, 56, 10, 97, 67, 8, 61, 87, 98, 70, 3}:359.0
		{7, 5, 51, 68, 16, 95, 22, 77, 61, 33, 100, 45, 32, 86, 87, 93, 6, 10, 35, 92, 88, 49, 90, 1, 12, 74, 13, 19, 85, 24, 9, 41, 79, 40, 29, 57, 43, 59, 23, 70, 82, 73, 42, 96, 72, 55, 50, 58, 21, 37, 15, 78, 52, 67, 56, 44, 25, 65, 26, 48, 99, 38, 81, 3, 30, 31, 8, 47, 46, 20, 75, 89, 64, 91, 2, 98, 69, 94, 28, 97, 63, 66, 34, 62, 84, 4, 14, 17, 27, 80, 83, 54, 76, 60, 18, 53, 39, 36, 71, 11}:363.0
	Best Hamiltonian cycle:
		{7, 91, 36, 94, 42, 29, 40, 37, 78, 56, 51, 85, 96, 99, 10, 43, 24, 66, 20, 74, 59, 49, 69, 33, 81, 71, 27, 79, 86, 62, 98, 13, 22, 28, 55, 9, 14, 82, 44, 88, 65, 31, 17, 95, 18, 72, 35, 64, 47, 11, 75, 67, 58, 48, 39, 54, 2, 97, 41, 63, 25, 61, 34, 57, 45, 12, 30, 92, 4, 84, 76, 83, 26, 15, 52, 8, 77, 73, 68, 60, 38, 21, 87, 23, 53, 5, 70, 1, 90, 100, 19, 3, 50, 32, 46, 6, 93, 16, 89, 80}:331.0


Observation numbers:
	Present instant:6500.10224860296
	Number of move events:172402
	Number of evaporations:7029
	Top candidate cycles:
		{7, 46, 90, 95, 24, 6, 53, 12, 57, 66, 30, 63, 23, 35, 16, 41, 11, 75, 77, 42, 28, 15, 91, 8, 87, 89, 59, 98, 4, 52, 96, 85, 39, 27, 47, 83, 81, 55, 1, 86, 64, 100, 88, 32, 40, 43, 62, 49, 14, 31, 5, 22, 60, 84, 26, 2, 25, 69, 67, 36, 79, 45, 33, 76, 18, 56, 92, 48, 13, 82, 21, 73, 68, 65, 94, 17, 54, 9, 29, 97, 72, 10, 3, 80, 70, 51, 34, 61, 71, 58, 93, 99, 38, 78, 74, 19, 50, 44, 37, 20}:336.0
		{7, 19, 36, 87, 21, 88, 49, 12, 23, 74, 95, 78, 34, 55, 99, 83, 8, 61, 57, 4, 53, 71, 30, 26, 80, 6, 44, 31, 33, 69, 58, 20, 39, 32, 38, 66, 68, 5, 86, 65, 50, 47, 67, 93, 63, 13, 46, 10, 96, 77, 42, 51, 91, 40, 18, 15, 72, 89, 48, 92, 16, 79, 76, 2, 45, 24, 14, 90, 64, 3, 52, 98, 85, 81, 70, 97, 29, 22, 25, 17, 54, 82, 37, 94, 59, 60, 100, 43, 27, 28, 56, 1, 62, 73, 75, 41, 11, 35, 84, 9}:343.0
		{7, 40, 59, 32, 17, 100, 24, 84, 94, 99, 55, 50, 14, 43, 37, 4, 65, 35, 86, 60, 77, 62, 73, 53, 39, 9, 64, 66, 71, 18, 89, 19, 51, 27, 63, 13, 46, 26, 3, 81, 56, 97, 48, 1, 5, 58, 90, 31, 75, 52, 10, 49, 12, 47, 8, 25, 61, 87, 33, 79, 76, 20, 78, 44, 41, 34, 68, 11, 15, 92, 80, 21, 82, 38, 6, 88, 93, 74, 96, 42, 91, 36, 69, 22, 57, 83, 72, 54, 95, 16, 30, 67, 70, 29, 23, 45, 85, 98, 28, 2}:346.0
		{7, 17, 4, 15, 78, 81, 2, 49, 6, 96, 10, 37, 67, 75, 36, 9, 1, 42, 52, 33, 43, 79, 68, 64, 82, 56, 19, 65, 66, 84, 55, 100, 73, 69, 20, 87, 34, 97, 71, 51, 29, 80, 62, 23, 89, 8, 85, 38, 54, 35, 94, 61, 27, 31, 60, 57, 16, 44, 92, 12, 74, 76, 40, 13, 32, 18, 14, 25, 93, 98, 70, 90, 50, 3, 22, 72, 63, 86, 21, 58, 11, 83, 77, 88, 39, 30, 95, 28, 59, 91, 45, 48, 41, 5, 46, 24, 99, 47, 53, 26}:357.0
		{7, 4, 36, 67, 97, 32, 40, 31, 50, 77, 56, 98, 99, 64, 54, 63, 89, 96, 29, 71, 45, 100, 62, 2, 59, 58, 49, 60, 95, 84, 28, 14, 15, 12, 76, 5, 68, 81, 24, 30, 83, 80, 22, 92, 1, 18, 88, 37, 91, 72, 86, 61, 69, 73, 39, 70, 20, 78, 90, 6, 42, 33, 66, 65, 44, 47, 38, 82, 3, 10, 57, 53, 21, 79, 17, 9, 52, 11, 51, 48, 43, 55, 93, 85, 26, 75, 25, 19, 13, 34, 41, 46, 35, 87, 27, 94, 8, 16, 23, 74}:357.0
	Best Hamiltonian cycle:
		{7, 91, 36, 94, 42, 29, 40, 37, 78, 56, 51, 85, 96, 99, 10, 43, 24, 66, 20, 74, 59, 49, 69, 33, 81, 71, 27, 79, 86, 62, 98, 13, 22, 28, 55, 9, 14, 82, 44, 88, 65, 31, 17, 95, 18, 72, 35, 64, 47, 11, 75, 67, 58, 48, 39, 54, 2, 97, 41, 63, 25, 61, 34, 57, 45, 12, 30, 92, 4, 84, 76, 83, 26, 15, 52, 8, 77, 73, 68, 60, 38, 21, 87, 23, 53, 5, 70, 1, 90, 100, 19, 3, 50, 32, 46, 6, 93, 16, 89, 80}:331.0


Observation numbers:
	Present instant:7000.03690570249
	Number of move events:185592
	Number of evaporations:7920
	Top candidate cycles:
		{7, 46, 90, 95, 24, 6, 53, 12, 57, 66, 30, 63, 23, 35, 16, 41, 11, 75, 77, 42, 28, 15, 91, 8, 87, 89, 59, 98, 4, 52, 96, 85, 39, 27, 47, 83, 81, 55, 1, 86, 64, 100, 88, 32, 40, 43, 62, 49, 14, 31, 5, 22, 60, 84, 26, 2, 25, 69, 67, 36, 79, 45, 33, 76, 18, 56, 92, 48, 13, 82, 21, 73, 68, 65, 94, 17, 54, 9, 29, 97, 72, 10, 3, 80, 70, 51, 34, 61, 71, 58, 93, 99, 38, 78, 74, 19, 50, 44, 37, 20}:336.0
		{7, 19, 36, 87, 21, 88, 49, 12, 23, 74, 95, 78, 34, 55, 99, 83, 8, 61, 57, 4, 53, 71, 30, 26, 80, 6, 44, 31, 33, 69, 58, 20, 39, 32, 38, 66, 68, 5, 86, 65, 50, 47, 67, 93, 63, 13, 46, 10, 96, 77, 42, 51, 91, 40, 18, 15, 72, 89, 48, 92, 16, 79, 76, 2, 45, 24, 14, 90, 64, 3, 52, 98, 85, 81, 70, 97, 29, 22, 25, 17, 54, 82, 37, 94, 59, 60, 100, 43, 27, 28, 56, 1, 62, 73, 75, 41, 11, 35, 84, 9}:343.0
		{7, 40, 59, 32, 17, 100, 24, 84, 94, 99, 55, 50, 14, 43, 37, 4, 65, 35, 86, 60, 77, 62, 73, 53, 39, 9, 64, 66, 71, 18, 89, 19, 51, 27, 63, 13, 46, 26, 3, 81, 56, 97, 48, 1, 5, 58, 90, 31, 75, 52, 10, 49, 12, 47, 8, 25, 61, 87, 33, 79, 76, 20, 78, 44, 41, 34, 68, 11, 15, 92, 80, 21, 82, 38, 6, 88, 93, 74, 96, 42, 91, 36, 69, 22, 57, 83, 72, 54, 95, 16, 30, 67, 70, 29, 23, 45, 85, 98, 28, 2}:346.0
		{7, 17, 4, 15, 78, 81, 2, 49, 6, 96, 10, 37, 67, 75, 36, 9, 1, 42, 52, 33, 43, 79, 68, 64, 82, 56, 19, 65, 66, 84, 55, 100, 73, 69, 20, 87, 34, 97, 71, 51, 29, 80, 62, 23, 89, 8, 85, 38, 54, 35, 94, 61, 27, 31, 60, 57, 16, 44, 92, 12, 74, 76, 40, 13, 32, 18, 14, 25, 93, 98, 70, 90, 50, 3, 22, 72, 63, 86, 21, 58, 11, 83, 77, 88, 39, 30, 95, 28, 59, 91, 45, 48, 41, 5, 46, 24, 99, 47, 53, 26}:357.0
		{7, 4, 36, 67, 97, 32, 40, 31, 50, 77, 56, 98, 99, 64, 54, 63, 89, 96, 29, 71, 45, 100, 62, 2, 59, 58, 49, 60, 95, 84, 28, 14, 15, 12, 76, 5, 68, 81, 24, 30, 83, 80, 22, 92, 1, 18, 88, 37, 91, 72, 86, 61, 69, 73, 39, 70, 20, 78, 90, 6, 42, 33, 66, 65, 44, 47, 38, 82, 3, 10, 57, 53, 21, 79, 17, 9, 52, 11, 51, 48, 43, 55, 93, 85, 26, 75, 25, 19, 13, 34, 41, 46, 35, 87, 27, 94, 8, 16, 23, 74}:357.0
	Best Hamiltonian cycle:
		{7, 91, 36, 94, 42, 29, 40, 37, 78, 56, 51, 85, 96, 99, 10, 43, 24, 66, 20, 74, 59, 49, 69, 33, 81, 71, 27, 79, 86, 62, 98, 13, 22, 28, 55, 9, 14, 82, 44, 88, 65, 31, 17, 95, 18, 72, 35, 64, 47, 11, 75, 67, 58, 48, 39, 54, 2, 97, 41, 63, 25, 61, 34, 57, 45, 12, 30, 92, 4, 84, 76, 83, 26, 15, 52, 8, 77, 73, 68, 60, 38, 21, 87, 23, 53, 5, 70, 1, 90, 100, 19, 3, 50, 32, 46, 6, 93, 16, 89, 80}:331.0


Observation numbers:
	Present instant:7500.0419104269695
	Number of move events:198708
	Number of evaporations:9298
	Top candidate cycles:
		{7, 71, 27, 37, 73, 12, 11, 68, 46, 30, 79, 87, 25, 95, 53, 20, 3, 44, 89, 52, 86, 14, 2, 78, 81, 55, 40, 32, 15, 85, 64, 47, 61, 29, 50, 51, 63, 90, 19, 18, 49, 100, 23, 82, 4, 39, 59, 83, 62, 42, 38, 1, 91, 77, 13, 43, 93, 69, 36, 35, 17, 80, 9, 54, 96, 34, 16, 92, 65, 94, 8, 74, 45, 24, 33, 76, 60, 57, 26, 84, 56, 41, 28, 6, 10, 58, 72, 97, 22, 75, 21, 48, 31, 88, 70, 5, 98, 99, 66, 67}:333.0
		{7, 46, 90, 95, 24, 6, 53, 12, 57, 66, 30, 63, 23, 35, 16, 41, 11, 75, 77, 42, 28, 15, 91, 8, 87, 89, 59, 98, 4, 52, 96, 85, 39, 27, 47, 83, 81, 55, 1, 86, 64, 100, 88, 32, 40, 43, 62, 49, 14, 31, 5, 22, 60, 84, 26, 2, 25, 69, 67, 36, 79, 45, 33, 76, 18, 56, 92, 48, 13, 82, 21, 73, 68, 65, 94, 17, 54, 9, 29, 97, 72, 10, 3, 80, 70, 51, 34, 61, 71, 58, 93, 99, 38, 78, 74, 19, 50, 44, 37, 20}:336.0
		{7, 48, 66, 96, 53, 83, 26, 97, 34, 67, 69, 47, 85, 24, 6, 68, 74, 18, 37, 57, 77, 60, 13, 12, 80, 90, 64, 8, 63, 52, 94, 73, 71, 95, 98, 5, 4, 38, 84, 65, 36, 51, 46, 22, 92, 19, 25, 23, 45, 55, 99, 72, 28, 27, 61, 88, 79, 14, 82, 58, 1, 42, 2, 59, 89, 44, 54, 87, 31, 70, 100, 75, 11, 50, 91, 40, 41, 10, 20, 56, 86, 3, 16, 30, 9, 39, 21, 15, 32, 76, 81, 62, 93, 49, 35, 17, 43, 29, 78, 33}:339.0
		{7, 19, 36, 87, 21, 88, 49, 12, 23, 74, 95, 78, 34, 55, 99, 83, 8, 61, 57, 4, 53, 71, 30, 26, 80, 6, 44, 31, 33, 69, 58, 20, 39, 32, 38, 66, 68, 5, 86, 65, 50, 47, 67, 93, 63, 13, 46, 10, 96, 77, 42, 51, 91, 40, 18, 15, 72, 89, 48, 92, 16, 79, 76, 2, 45, 24, 14, 90, 64, 3, 52, 98, 85, 81, 70, 97, 29, 22, 25, 17, 54, 82, 37, 94, 59, 60, 100, 43, 27, 28, 56, 1, 62, 73, 75, 41, 11, 35, 84, 9}:343.0
		{7, 40, 59, 32, 17, 100, 24, 84, 94, 99, 55, 50, 14, 43, 37, 4, 65, 35, 86, 60, 77, 62, 73, 53, 39, 9, 64, 66, 71, 18, 89, 19, 51, 27, 63, 13, 46, 26, 3, 81, 56, 97, 48, 1, 5, 58, 90, 31, 75, 52, 10, 49, 12, 47, 8, 25, 61, 87, 33, 79, 76, 20, 78, 44, 41, 34, 68, 11, 15, 92, 80, 21, 82, 38, 6, 88, 93, 74, 96, 42, 91, 36, 69, 22, 57, 83, 72, 54, 95, 16, 30, 67, 70, 29, 23, 45, 85, 98, 28, 2}:346.0
	Best Hamiltonian cycle:
		{7, 91, 36, 94, 42, 29, 40, 37, 78, 56, 51, 85, 96, 99, 10, 43, 24, 66, 20, 74, 59, 49, 69, 33, 81, 71, 27, 79, 86, 62, 98, 13, 22, 28, 55, 9, 14, 82, 44, 88, 65, 31, 17, 95, 18, 72, 35, 64, 47, 11, 75, 67, 58, 48, 39, 54, 2, 97, 41, 63, 25, 61, 34, 57, 45, 12, 30, 92, 4, 84, 76, 83, 26, 15, 52, 8, 77, 73, 68, 60, 38, 21, 87, 23, 53, 5, 70, 1, 90, 100, 19, 3, 50, 32, 46, 6, 93, 16, 89, 80}:331.0


Observation numbers:
	Present instant:8000.02417600346
	Number of move events:211873
	Number of evaporations:9999
	Top candidate cycles:
		{7, 71, 27, 37, 73, 12, 11, 68, 46, 30, 79, 87, 25, 95, 53, 20, 3, 44, 89, 52, 86, 14, 2, 78, 81, 55, 40, 32, 15, 85, 64, 47, 61, 29, 50, 51, 63, 90, 19, 18, 49, 100, 23, 82, 4, 39, 59, 83, 62, 42, 38, 1, 91, 77, 13, 43, 93, 69, 36, 35, 17, 80, 9, 54, 96, 34, 16, 92, 65, 94, 8, 74, 45, 24, 33, 76, 60, 57, 26, 84, 56, 41, 28, 6, 10, 58, 72, 97, 22, 75, 21, 48, 31, 88, 70, 5, 98, 99, 66, 67}:333.0
		{7, 46, 90, 95, 24, 6, 53, 12, 57, 66, 30, 63, 23, 35, 16, 41, 11, 75, 77, 42, 28, 15, 91, 8, 87, 89, 59, 98, 4, 52, 96, 85, 39, 27, 47, 83, 81, 55, 1, 86, 64, 100, 88, 32, 40, 43, 62, 49, 14, 31, 5, 22, 60, 84, 26, 2, 25, 69, 67, 36, 79, 45, 33, 76, 18, 56, 92, 48, 13, 82, 21, 73, 68, 65, 94, 17, 54, 9, 29, 97, 72, 10, 3, 80, 70, 51, 34, 61, 71, 58, 93, 99, 38, 78, 74, 19, 50, 44, 37, 20}:336.0
		{7, 48, 66, 96, 53, 83, 26, 97, 34, 67, 69, 47, 85, 24, 6, 68, 74, 18, 37, 57, 77, 60, 13, 12, 80, 90, 64, 8, 63, 52, 94, 73, 71, 95, 98, 5, 4, 38, 84, 65, 36, 51, 46, 22, 92, 19, 25, 23, 45, 55, 99, 72, 28, 27, 61, 88, 79, 14, 82, 58, 1, 42, 2, 59, 89, 44, 54, 87, 31, 70, 100, 75, 11, 50, 91, 40, 41, 10, 20, 56, 86, 3, 16, 30, 9, 39, 21, 15, 32, 76, 81, 62, 93, 49, 35, 17, 43, 29, 78, 33}:339.0
		{7, 19, 36, 87, 21, 88, 49, 12, 23, 74, 95, 78, 34, 55, 99, 83, 8, 61, 57, 4, 53, 71, 30, 26, 80, 6, 44, 31, 33, 69, 58, 20, 39, 32, 38, 66, 68, 5, 86, 65, 50, 47, 67, 93, 63, 13, 46, 10, 96, 77, 42, 51, 91, 40, 18, 15, 72, 89, 48, 92, 16, 79, 76, 2, 45, 24, 14, 90, 64, 3, 52, 98, 85, 81, 70, 97, 29, 22, 25, 17, 54, 82, 37, 94, 59, 60, 100, 43, 27, 28, 56, 1, 62, 73, 75, 41, 11, 35, 84, 9}:343.0
		{7, 40, 59, 32, 17, 100, 24, 84, 94, 99, 55, 50, 14, 43, 37, 4, 65, 35, 86, 60, 77, 62, 73, 53, 39, 9, 64, 66, 71, 18, 89, 19, 51, 27, 63, 13, 46, 26, 3, 81, 56, 97, 48, 1, 5, 58, 90, 31, 75, 52, 10, 49, 12, 47, 8, 25, 61, 87, 33, 79, 76, 20, 78, 44, 41, 34, 68, 11, 15, 92, 80, 21, 82, 38, 6, 88, 93, 74, 96, 42, 91, 36, 69, 22, 57, 83, 72, 54, 95, 16, 30, 67, 70, 29, 23, 45, 85, 98, 28, 2}:346.0
	Best Hamiltonian cycle:
		{7, 91, 36, 94, 42, 29, 40, 37, 78, 56, 51, 85, 96, 99, 10, 43, 24, 66, 20, 74, 59, 49, 69, 33, 81, 71, 27, 79, 86, 62, 98, 13, 22, 28, 55, 9, 14, 82, 44, 88, 65, 31, 17, 95, 18, 72, 35, 64, 47, 11, 75, 67, 58, 48, 39, 54, 2, 97, 41, 63, 25, 61, 34, 57, 45, 12, 30, 92, 4, 84, 76, 83, 26, 15, 52, 8, 77, 73, 68, 60, 38, 21, 87, 23, 53, 5, 70, 1, 90, 100, 19, 3, 50, 32, 46, 6, 93, 16, 89, 80}:331.0


Observation numbers:
	Present instant:8500.107820728754
	Number of move events:225014
	Number of evaporations:10692
	Top candidate cycles:
		{7, 71, 27, 37, 73, 12, 11, 68, 46, 30, 79, 87, 25, 95, 53, 20, 3, 44, 89, 52, 86, 14, 2, 78, 81, 55, 40, 32, 15, 85, 64, 47, 61, 29, 50, 51, 63, 90, 19, 18, 49, 100, 23, 82, 4, 39, 59, 83, 62, 42, 38, 1, 91, 77, 13, 43, 93, 69, 36, 35, 17, 80, 9, 54, 96, 34, 16, 92, 65, 94, 8, 74, 45, 24, 33, 76, 60, 57, 26, 84, 56, 41, 28, 6, 10, 58, 72, 97, 22, 75, 21, 48, 31, 88, 70, 5, 98, 99, 66, 67}:333.0
		{7, 46, 90, 95, 24, 6, 53, 12, 57, 66, 30, 63, 23, 35, 16, 41, 11, 75, 77, 42, 28, 15, 91, 8, 87, 89, 59, 98, 4, 52, 96, 85, 39, 27, 47, 83, 81, 55, 1, 86, 64, 100, 88, 32, 40, 43, 62, 49, 14, 31, 5, 22, 60, 84, 26, 2, 25, 69, 67, 36, 79, 45, 33, 76, 18, 56, 92, 48, 13, 82, 21, 73, 68, 65, 94, 17, 54, 9, 29, 97, 72, 10, 3, 80, 70, 51, 34, 61, 71, 58, 93, 99, 38, 78, 74, 19, 50, 44, 37, 20}:336.0
		{7, 48, 66, 96, 53, 83, 26, 97, 34, 67, 69, 47, 85, 24, 6, 68, 74, 18, 37, 57, 77, 60, 13, 12, 80, 90, 64, 8, 63, 52, 94, 73, 71, 95, 98, 5, 4, 38, 84, 65, 36, 51, 46, 22, 92, 19, 25, 23, 45, 55, 99, 72, 28, 27, 61, 88, 79, 14, 82, 58, 1, 42, 2, 59, 89, 44, 54, 87, 31, 70, 100, 75, 11, 50, 91, 40, 41, 10, 20, 56, 86, 3, 16, 30, 9, 39, 21, 15, 32, 76, 81, 62, 93, 49, 35, 17, 43, 29, 78, 33}:339.0
		{7, 19, 36, 87, 21, 88, 49, 12, 23, 74, 95, 78, 34, 55, 99, 83, 8, 61, 57, 4, 53, 71, 30, 26, 80, 6, 44, 31, 33, 69, 58, 20, 39, 32, 38, 66, 68, 5, 86, 65, 50, 47, 67, 93, 63, 13, 46, 10, 96, 77, 42, 51, 91, 40, 18, 15, 72, 89, 48, 92, 16, 79, 76, 2, 45, 24, 14, 90, 64, 3, 52, 98, 85, 81, 70, 97, 29, 22, 25, 17, 54, 82, 37, 94, 59, 60, 100, 43, 27, 28, 56, 1, 62, 73, 75, 41, 11, 35, 84, 9}:343.0
		{7, 40, 59, 32, 17, 100, 24, 84, 94, 99, 55, 50, 14, 43, 37, 4, 65, 35, 86, 60, 77, 62, 73, 53, 39, 9, 64, 66, 71, 18, 89, 19, 51, 27, 63, 13, 46, 26, 3, 81, 56, 97, 48, 1, 5, 58, 90, 31, 75, 52, 10, 49, 12, 47, 8, 25, 61, 87, 33, 79, 76, 20, 78, 44, 41, 34, 68, 11, 15, 92, 80, 21, 82, 38, 6, 88, 93, 74, 96, 42, 91, 36, 69, 22, 57, 83, 72, 54, 95, 16, 30, 67, 70, 29, 23, 45, 85, 98, 28, 2}:346.0
	Best Hamiltonian cycle:
		{7, 91, 36, 94, 42, 29, 40, 37, 78, 56, 51, 85, 96, 99, 10, 43, 24, 66, 20, 74, 59, 49, 69, 33, 81, 71, 27, 79, 86, 62, 98, 13, 22, 28, 55, 9, 14, 82, 44, 88, 65, 31, 17, 95, 18, 72, 35, 64, 47, 11, 75, 67, 58, 48, 39, 54, 2, 97, 41, 63, 25, 61, 34, 57, 45, 12, 30, 92, 4, 84, 76, 83, 26, 15, 52, 8, 77, 73, 68, 60, 38, 21, 87, 23, 53, 5, 70, 1, 90, 100, 19, 3, 50, 32, 46, 6, 93, 16, 89, 80}:331.0


Observation numbers:
	Present instant:9000.000205640643
	Number of move events:237923
	Number of evaporations:10989
	Top candidate cycles:
		{7, 71, 27, 37, 73, 12, 11, 68, 46, 30, 79, 87, 25, 95, 53, 20, 3, 44, 89, 52, 86, 14, 2, 78, 81, 55, 40, 32, 15, 85, 64, 47, 61, 29, 50, 51, 63, 90, 19, 18, 49, 100, 23, 82, 4, 39, 59, 83, 62, 42, 38, 1, 91, 77, 13, 43, 93, 69, 36, 35, 17, 80, 9, 54, 96, 34, 16, 92, 65, 94, 8, 74, 45, 24, 33, 76, 60, 57, 26, 84, 56, 41, 28, 6, 10, 58, 72, 97, 22, 75, 21, 48, 31, 88, 70, 5, 98, 99, 66, 67}:333.0
		{7, 46, 90, 95, 24, 6, 53, 12, 57, 66, 30, 63, 23, 35, 16, 41, 11, 75, 77, 42, 28, 15, 91, 8, 87, 89, 59, 98, 4, 52, 96, 85, 39, 27, 47, 83, 81, 55, 1, 86, 64, 100, 88, 32, 40, 43, 62, 49, 14, 31, 5, 22, 60, 84, 26, 2, 25, 69, 67, 36, 79, 45, 33, 76, 18, 56, 92, 48, 13, 82, 21, 73, 68, 65, 94, 17, 54, 9, 29, 97, 72, 10, 3, 80, 70, 51, 34, 61, 71, 58, 93, 99, 38, 78, 74, 19, 50, 44, 37, 20}:336.0
		{7, 48, 66, 96, 53, 83, 26, 97, 34, 67, 69, 47, 85, 24, 6, 68, 74, 18, 37, 57, 77, 60, 13, 12, 80, 90, 64, 8, 63, 52, 94, 73, 71, 95, 98, 5, 4, 38, 84, 65, 36, 51, 46, 22, 92, 19, 25, 23, 45, 55, 99, 72, 28, 27, 61, 88, 79, 14, 82, 58, 1, 42, 2, 59, 89, 44, 54, 87, 31, 70, 100, 75, 11, 50, 91, 40, 41, 10, 20, 56, 86, 3, 16, 30, 9, 39, 21, 15, 32, 76, 81, 62, 93, 49, 35, 17, 43, 29, 78, 33}:339.0
		{7, 19, 36, 87, 21, 88, 49, 12, 23, 74, 95, 78, 34, 55, 99, 83, 8, 61, 57, 4, 53, 71, 30, 26, 80, 6, 44, 31, 33, 69, 58, 20, 39, 32, 38, 66, 68, 5, 86, 65, 50, 47, 67, 93, 63, 13, 46, 10, 96, 77, 42, 51, 91, 40, 18, 15, 72, 89, 48, 92, 16, 79, 76, 2, 45, 24, 14, 90, 64, 3, 52, 98, 85, 81, 70, 97, 29, 22, 25, 17, 54, 82, 37, 94, 59, 60, 100, 43, 27, 28, 56, 1, 62, 73, 75, 41, 11, 35, 84, 9}:343.0
		{7, 40, 59, 32, 17, 100, 24, 84, 94, 99, 55, 50, 14, 43, 37, 4, 65, 35, 86, 60, 77, 62, 73, 53, 39, 9, 64, 66, 71, 18, 89, 19, 51, 27, 63, 13, 46, 26, 3, 81, 56, 97, 48, 1, 5, 58, 90, 31, 75, 52, 10, 49, 12, 47, 8, 25, 61, 87, 33, 79, 76, 20, 78, 44, 41, 34, 68, 11, 15, 92, 80, 21, 82, 38, 6, 88, 93, 74, 96, 42, 91, 36, 69, 22, 57, 83, 72, 54, 95, 16, 30, 67, 70, 29, 23, 45, 85, 98, 28, 2}:346.0
	Best Hamiltonian cycle:
		{7, 91, 36, 94, 42, 29, 40, 37, 78, 56, 51, 85, 96, 99, 10, 43, 24, 66, 20, 74, 59, 49, 69, 33, 81, 71, 27, 79, 86, 62, 98, 13, 22, 28, 55, 9, 14, 82, 44, 88, 65, 31, 17, 95, 18, 72, 35, 64, 47, 11, 75, 67, 58, 48, 39, 54, 2, 97, 41, 63, 25, 61, 34, 57, 45, 12, 30, 92, 4, 84, 76, 83, 26, 15, 52, 8, 77, 73, 68, 60, 38, 21, 87, 23, 53, 5, 70, 1, 90, 100, 19, 3, 50, 32, 46, 6, 93, 16, 89, 80}:331.0


Observation numbers:
	Present instant:9500.016898770855
	Number of move events:250672
	Number of evaporations:11781
	Top candidate cycles:
		{7, 71, 27, 37, 73, 12, 11, 68, 46, 30, 79, 87, 25, 95, 53, 20, 3, 44, 89, 52, 86, 14, 2, 78, 81, 55, 40, 32, 15, 85, 64, 47, 61, 29, 50, 51, 63, 90, 19, 18, 49, 100, 23, 82, 4, 39, 59, 83, 62, 42, 38, 1, 91, 77, 13, 43, 93, 69, 36, 35, 17, 80, 9, 54, 96, 34, 16, 92, 65, 94, 8, 74, 45, 24, 33, 76, 60, 57, 26, 84, 56, 41, 28, 6, 10, 58, 72, 97, 22, 75, 21, 48, 31, 88, 70, 5, 98, 99, 66, 67}:333.0
		{7, 46, 90, 95, 24, 6, 53, 12, 57, 66, 30, 63, 23, 35, 16, 41, 11, 75, 77, 42, 28, 15, 91, 8, 87, 89, 59, 98, 4, 52, 96, 85, 39, 27, 47, 83, 81, 55, 1, 86, 64, 100, 88, 32, 40, 43, 62, 49, 14, 31, 5, 22, 60, 84, 26, 2, 25, 69, 67, 36, 79, 45, 33, 76, 18, 56, 92, 48, 13, 82, 21, 73, 68, 65, 94, 17, 54, 9, 29, 97, 72, 10, 3, 80, 70, 51, 34, 61, 71, 58, 93, 99, 38, 78, 74, 19, 50, 44, 37, 20}:336.0
		{7, 48, 66, 96, 53, 83, 26, 97, 34, 67, 69, 47, 85, 24, 6, 68, 74, 18, 37, 57, 77, 60, 13, 12, 80, 90, 64, 8, 63, 52, 94, 73, 71, 95, 98, 5, 4, 38, 84, 65, 36, 51, 46, 22, 92, 19, 25, 23, 45, 55, 99, 72, 28, 27, 61, 88, 79, 14, 82, 58, 1, 42, 2, 59, 89, 44, 54, 87, 31, 70, 100, 75, 11, 50, 91, 40, 41, 10, 20, 56, 86, 3, 16, 30, 9, 39, 21, 15, 32, 76, 81, 62, 93, 49, 35, 17, 43, 29, 78, 33}:339.0
		{7, 19, 36, 87, 21, 88, 49, 12, 23, 74, 95, 78, 34, 55, 99, 83, 8, 61, 57, 4, 53, 71, 30, 26, 80, 6, 44, 31, 33, 69, 58, 20, 39, 32, 38, 66, 68, 5, 86, 65, 50, 47, 67, 93, 63, 13, 46, 10, 96, 77, 42, 51, 91, 40, 18, 15, 72, 89, 48, 92, 16, 79, 76, 2, 45, 24, 14, 90, 64, 3, 52, 98, 85, 81, 70, 97, 29, 22, 25, 17, 54, 82, 37, 94, 59, 60, 100, 43, 27, 28, 56, 1, 62, 73, 75, 41, 11, 35, 84, 9}:343.0
		{7, 40, 59, 32, 17, 100, 24, 84, 94, 99, 55, 50, 14, 43, 37, 4, 65, 35, 86, 60, 77, 62, 73, 53, 39, 9, 64, 66, 71, 18, 89, 19, 51, 27, 63, 13, 46, 26, 3, 81, 56, 97, 48, 1, 5, 58, 90, 31, 75, 52, 10, 49, 12, 47, 8, 25, 61, 87, 33, 79, 76, 20, 78, 44, 41, 34, 68, 11, 15, 92, 80, 21, 82, 38, 6, 88, 93, 74, 96, 42, 91, 36, 69, 22, 57, 83, 72, 54, 95, 16, 30, 67, 70, 29, 23, 45, 85, 98, 28, 2}:346.0
	Best Hamiltonian cycle:
		{7, 91, 36, 94, 42, 29, 40, 37, 78, 56, 51, 85, 96, 99, 10, 43, 24, 66, 20, 74, 59, 49, 69, 33, 81, 71, 27, 79, 86, 62, 98, 13, 22, 28, 55, 9, 14, 82, 44, 88, 65, 31, 17, 95, 18, 72, 35, 64, 47, 11, 75, 67, 58, 48, 39, 54, 2, 97, 41, 63, 25, 61, 34, 57, 45, 12, 30, 92, 4, 84, 76, 83, 26, 15, 52, 8, 77, 73, 68, 60, 38, 21, 87, 23, 53, 5, 70, 1, 90, 100, 19, 3, 50, 32, 46, 6, 93, 16, 89, 80}:331.0
